1 0.1796875 0.3546875 0.15859375 0.059375
1 0.51640625 0.49921875 0.11875 0.0484375
1 0.5703125 0.540625 0.09296875 0.03984375
1 0.38671875 0.5515625 0.221875 0.08125
1 0.1046875 0.56015625 0.0453125 0.03046875
1 0.22890625 0.65 0.05703125 0.02734375
1 0.55390625 0.68359375 0.07109375 0.03671875
1 0.628125 0.69921875 0.0765625 0.03984375
1 0.4984375 0.74609375 0.0671875 0.0296875
1 0.49765625 0.80078125 0.05078125 0.03515625
1 0.853125 0.865625 0.07109375 0.03671875
1 0.28828125 0.1703125 0.14921875 0.06484375