1 0.575 0.234375 0.11953125 0.03515625
1 0.5015625 0.390625 0.24921875 0.06875
1 0.61015625 0.51484375 0.10625 0.05078125
1 0.28125 0.5203125 0.0703125 0.03671875
1 0.49296875 0.540625 0.096875 0.0375
2 0.28828125 0.55859375 0.0546875 0.028125
2 0.36015625 0.740625 0.02890625 0.0234375
2 0.70703125 0.74375 0.0265625 0.0171875
2 0.59453125 0.76640625 0.05078125 0.02265625
2 0.765625 0.8546875 0.04609375 0.02421875
2 0.56640625 0.89296875 0.0609375 0.0375
1 0.48359375 0.22109375 0.08828125 0.03359375