1 0.65546875 0.27421875 0.1046875 0.05078125
1 0.92734375 0.32109375 0.11796875 0.06640625
1 0.08671875 0.32578125 0.0640625 0.0328125
1 0.57109375 0.35625 0.07578125 0.0515625
1 0.67421875 0.453125 0.14921875 0.09609375
1 0.03984375 0.4640625 0.0796875 0.04921875
1 0.42421875 0.5375 0.07265625 0.04140625
1 0.465625 0.06328125 0.05390625 0.03125
1 0.8359375 0.690625 0.1609375 0.05859375
2 0.2921875 0.73515625 0.07421875 0.05390625
2 0.74765625 0.7375 0.084375 0.04921875
2 0.91328125 0.76484375 0.07109375 0.04140625
2 0.209375 0.79296875 0.04921875 0.04375
2 0.41015625 0.7984375 0.05234375 0.04765625
2 0.259375 0.85 0.05234375 0.04921875
2 0.53125 0.8796875 0.05546875 0.04765625
2 0.090625 0.8921875 0.16796875 0.0796875
2 0.25546875 0.903125 0.03984375 0.03125
2 0.196875 0.90390625 0.065625 0.0359375
1 0.38046875 0.0953125 0.06484375 0.04140625
2 0.1671875 0.93515625 0.05859375 0.04921875
2 0.2234375 0.9453125 0.0328125 0.0296875
2 0.2671875 0.96484375 0.0515625 0.05
2 0.05546875 0.97578125 0.09296875 0.04453125
1 0.0484375 0.10625 0.096875 0.0359375
1 0.553125 0.1765625 0.1296875 0.04609375
1 0.29921875 0.1875 0.15390625 0.06796875