1 0.75390625 0.38125 0.1328125 0.05078125
1 0.8921875 0.40078125 0.115625 0.05546875
1 0.7875 0.49296875 0.20078125 0.071875
1 0.1921875 0.5015625 0.090625 0.04375
2 0.4140625 0.52109375 0.0625 0.04296875
2 0.42890625 0.57265625 0.04609375 0.025
1 0.8234375 0.5796875 0.0828125 0.04140625
1 0.525 0.5859375 0.0921875 0.034375
1 0.2328125 0.6203125 0.1421875 0.06171875
2 0.0890625 0.62421875 0.03359375 0.02265625
2 0.02734375 0.63046875 0.0546875 0.0328125
2 0.11484375 0.67109375 0.03515625 0.03671875
2 0.665625 0.69765625 0.034375 0.028125
1 0.9328125 0.76796875 0.0765625 0.05390625
2 0.734375 0.81875 0.0453125 0.03828125
2 0.146875 0.8984375 0.0421875 0.0234375
2 0.11328125 0.92890625 0.065625 0.034375
2 0.03203125 0.959375 0.053125 0.03359375
2 0.15234375 0.97421875 0.08671875 0.046875