2 0.2515625 0.60859375 0.0265625 0.02421875
2 0.6078125 0.6390625 0.05234375 0.02734375
2 0.24765625 0.6390625 0.065625 0.0375
2 0.08203125 0.69140625 0.0546875 0.040625
2 0.90078125 0.77265625 0.03671875 0.0390625
2 0.7 0.80234375 0.03984375 0.0375
2 0.77265625 0.803125 0.0375 0.025
0 0.359375 0.82421875 0.575 0.3484375
2 0.1953125 0.85703125 0.053125 0.05390625
2 0.27890625 0.8640625 0.0453125 0.05625
2 0.58125 0.88984375 0.05234375 0.04609375
2 0.67578125 0.890625 0.0375 0.0421875
0 0.103125 0.09140625 0.20625 0.12265625
2 0.7546875 0.9453125 0.05625 0.05078125
2 0.71875 0.98203125 0.0546875 0.03203125