1 0.5328125 0.54453125 0.09140625 0.04609375
2 0.78359375 0.61328125 0.03671875 0.0203125
2 0.02734375 0.6390625 0.04453125 0.03203125
2 0.0296875 0.66796875 0.03515625 0.03203125
1 0.73828125 0.67109375 0.11875 0.05390625
2 0.80078125 0.6875 0.04375 0.03125
2 0.86328125 0.70703125 0.028125 0.03046875
2 0.90234375 0.7484375 0.04375 0.03203125
2 0.84140625 0.76015625 0.03125 0.03203125
2 0.7140625 0.7671875 0.04609375 0.034375
2 0.915625 0.8 0.04609375 0.03671875
2 0.79921875 0.815625 0.05625 0.0421875
2 0.18671875 0.84453125 0.0421875 0.02421875
2 0.14375 0.86015625 0.0328125 0.03203125
2 0.02109375 0.91484375 0.0421875 0.034375
2 0.1734375 0.93125 0.04609375 0.03203125