2 0.621875 0.45390625 0.04140625 0.028125
2 0.5546875 0.5 0.034375 0.0265625
2 0.71328125 0.53203125 0.04140625 0.02421875
2 0.3578125 0.5625 0.040625 0.03046875
2 0.2625 0.57109375 0.0390625 0.034375
2 0.59453125 0.596875 0.0484375 0.02890625
2 0.47421875 0.6 0.040625 0.02578125
2 0.01484375 0.60859375 0.0296875 0.0390625
2 0.3734375 0.61484375 0.0453125 0.03125
2 0.08359375 0.61484375 0.0328125 0.028125
1 0.75546875 0.66484375 0.1 0.06875
2 0.86171875 0.68359375 0.03984375 0.03828125
2 0.41328125 0.703125 0.05625 0.03515625
2 0.39296875 0.80546875 0.05703125 0.05234375
1 0.69765625 0.81328125 0.48359375 0.19140625
2 0.1328125 0.83203125 0.07109375 0.05
2 0.5125 0.8609375 0.0453125 0.04140625
2 0.30234375 0.9109375 0.03125 0.03515625
2 0.30390625 0.96875 0.03359375 0.02578125