2 0.771875 0.42265625 0.0375 0.0203125
1 0.19765625 0.46796875 0.16796875 0.040625
2 0.34765625 0.48828125 0.04296875 0.0375
2 0.58046875 0.5 0.03984375 0.03359375
2 0.63203125 0.5015625 0.04296875 0.0359375
1 0.20234375 0.53125 0.18046875 0.0390625
2 0.4046875 0.55078125 0.0265625 0.028125
2 0.4421875 0.57265625 0.059375 0.03046875
2 0.16015625 0.58515625 0.0328125 0.0296875
2 0.63515625 0.6359375 0.08046875 0.06875
2 0.2125 0.67421875 0.05234375 0.0359375
2 0.675 0.7109375 0.02578125 0.0203125
2 0.396875 0.73203125 0.12421875 0.07109375
2 0.78984375 0.7390625 0.0359375 0.01953125
2 0.5890625 0.75703125 0.03125 0.02890625
2 0.89609375 0.82734375 0.05625 0.03671875
1 0.73046875 0.86796875 0.1296875 0.06796875
2 0.47265625 0.95234375 0.040625 0.03203125
2 0.934375 0.9546875 0.04609375 0.0421875