1 0.378125 0.32734375 0.08984375 0.04609375
1 0.23671875 0.34609375 0.09296875 0.04921875
2 0.5640625 0.37109375 0.1046875 0.0796875
2 0.27109375 0.3796875 0.034375 0.03203125
2 0.6203125 0.57421875 0.046875 0.028125
2 0.47890625 0.6078125 0.0359375 0.0421875
2 0.790625 0.62265625 0.03671875 0.034375
2 0.8328125 0.625 0.03125 0.04921875
2 0.34609375 0.67890625 0.04765625 0.02109375
2 0.85234375 0.6859375 0.05 0.0421875
2 0.87109375 0.7140625 0.0390625 0.0328125
2 0.3390625 0.74609375 0.0484375 0.03203125
2 0.50078125 0.76171875 0.0609375 0.0359375
2 0.584375 0.79140625 0.05859375 0.04609375
2 0.33828125 0.79765625 0.04765625 0.0390625
2 0.509375 0.83515625 0.03984375 0.03984375
2 0.6140625 0.94921875 0.05390625 0.0375
2 0.72421875 0.95546875 0.0359375 0.03828125
2 0.87578125 0.14609375 0.0421875 0.04140625
2 0.940625 0.1640625 0.04765625 0.03046875