2 0.70390625 0.3 0.0671875 0.05625
2 0.23828125 0.3203125 0.16640625 0.06328125
2 0.11328125 0.3890625 0.03828125 0.04921875
2 0.39765625 0.39140625 0.15390625 0.13515625
2 0.91171875 0.046875 0.04609375 0.0359375
2 0.2640625 0.5953125 0.04296875 0.03671875
2 0.55546875 0.65 0.359375 0.375
2 0.1390625 0.7234375 0.096875 0.0609375
2 0.10078125 0.81953125 0.128125 0.09921875
2 0.0421875 0.1 0.06015625 0.040625
2 0.1171875 0.1078125 0.03125 0.02734375
2 0.1578125 0.15703125 0.053125 0.0296875
2 0.44296875 0.21015625 0.04765625 0.04921875