2 0.35546875 0.2796875 0.04765625 0.034375
2 0.62109375 0.3484375 0.046875 0.06640625
2 0.16328125 0.4046875 0.18203125 0.078125
2 0.3640625 0.45625 0.171875 0.1453125
2 0.05625 0.471875 0.08046875 0.05078125
2 0.92109375 0.52421875 0.0609375 0.06953125
2 0.92890625 0.05390625 0.0765625 0.0546875
2 0.2375 0.67734375 0.05234375 0.0453125
2 0.56796875 0.69609375 0.3890625 0.37890625
1 0.903125 0.69765625 0.13046875 0.1421875
2 0.79609375 0.071875 0.040625 0.028125
2 0.14765625 0.81171875 0.0984375 0.07890625
2 0.121875 0.9203125 0.1515625 0.1234375
2 0.7671875 0.10625 0.0453125 0.02421875