2 0.9265625 0.56953125 0.02890625 0.025
2 0.61953125 0.6078125 0.05078125 0.034375
2 0.37265625 0.6140625 0.03515625 0.0359375
2 0.1859375 0.6203125 0.03828125 0.02890625
2 0.93359375 0.625 0.034375 0.03046875
2 0.33515625 0.6328125 0.03671875 0.025
2 0.84765625 0.6421875 0.028125 0.03125
2 0.2296875 0.68671875 0.03515625 0.0296875
2 0.89140625 0.68828125 0.06015625 0.04140625
2 0.80703125 0.70859375 0.04453125 0.02421875
2 0.91953125 0.728125 0.05859375 0.0453125
2 0.89140625 0.76328125 0.06015625 0.02734375
2 0.86015625 0.7953125 0.0390625 0.021875
2 0.853125 0.8296875 0.04140625 0.02890625
2 0.234375 0.87578125 0.05546875 0.0328125
2 0.275 0.8921875 0.06015625 0.03828125
2 0.03828125 0.91875 0.04375 0.03828125
2 0.9609375 0.96640625 0.0265625 0.04921875
2 0.03359375 0.97421875 0.03203125 0.03671875