2 0.8890625 0.54140625 0.04453125 0.02734375
2 0.8421875 0.634375 0.03046875 0.028125
2 0.925 0.6359375 0.02890625 0.0265625
2 0.86328125 0.66328125 0.034375 0.01640625
2 0.73984375 0.759375 0.0515625 0.0578125
2 0.86328125 0.821875 0.028125 0.028125
2 0.94765625 0.859375 0.0390625 0.03359375
2 0.84609375 0.88125 0.05703125 0.03984375
2 0.253125 0.934375 0.0296875 0.03203125
2 0.8375 0.95078125 0.0375 0.034375
2 0.39296875 0.9609375 0.034375 0.0296875
2 0.13359375 0.96328125 0.05 0.02890625
2 0.1921875 0.96328125 0.03671875 0.02890625