2 0.196875 0.71796875 0.0296875 0.03515625
2 0.17109375 0.73984375 0.03515625 0.02734375
2 0.103125 0.76875 0.0390625 0.025
2 0.025 0.79140625 0.02578125 0.0265625
2 0.07109375 0.8078125 0.0359375 0.0296875
2 0.93984375 0.82578125 0.0515625 0.04296875
2 0.1640625 0.828125 0.04765625 0.04609375
2 0.8578125 0.9078125 0.053125 0.03515625
2 0.246875 0.915625 0.03828125 0.021875
2 0.10625 0.94296875 0.05078125 0.03046875
2 0.3921875 0.94296875 0.0765625 0.04140625
2 0.26015625 0.9453125 0.0484375 0.03203125
2 0.81796875 0.96484375 0.0703125 0.05625
2 0.90859375 0.98203125 0.05625 0.02734375
2 0.16640625 0.9828125 0.0390625 0.03125