1 0.7125 0.6171875 0.1 0.0546875
1 0.83203125 0.6375 0.084375 0.04921875
2 0.41953125 0.6484375 0.025 0.03203125
2 0.88515625 0.7203125 0.0609375 0.0421875
2 0.7328125 0.72265625 0.02578125 0.0265625
2 0.78359375 0.73828125 0.04296875 0.02890625
2 0.825 0.77421875 0.0265625 0.0234375
2 0.89375 0.7796875 0.05703125 0.03125
2 0.9578125 0.78828125 0.03515625 0.0296875
2 0.82265625 0.80625 0.0375 0.03046875
2 0.7265625 0.86640625 0.0296875 0.0328125
2 0.16953125 0.8671875 0.03125 0.03984375
2 0.89765625 0.925 0.05703125 0.05078125
2 0.834375 0.93359375 0.03125 0.0296875
2 0.83671875 0.9734375 0.0390625 0.03359375
2 0.08671875 0.98671875 0.0359375 0.021875