2 0.70859375 0.39921875 0.0375 0.02890625
2 0.090625 0.4390625 0.02734375 0.0203125
1 0.45 0.496875 0.08984375 0.0421875
1 0.62578125 0.5390625 0.1125 0.05390625
2 0.4171875 0.5515625 0.03828125 0.03359375
2 0.26953125 0.57265625 0.04453125 0.02265625
2 0.75703125 0.58828125 0.04140625 0.03203125
2 0.58671875 0.6125 0.03515625 0.03046875
2 0.78984375 0.61640625 0.0265625 0.02890625
2 0.6765625 0.63046875 0.0359375 0.025
2 0.24453125 0.64921875 0.034375 0.0359375
2 0.4203125 0.6546875 0.04609375 0.03671875
2 0.52734375 0.7171875 0.059375 0.03125
2 0.33671875 0.7265625 0.03671875 0.04921875
2 0.11875 0.89140625 0.0671875 0.06015625
2 0.30859375 0.96875 0.0796875 0.0578125