2 0.21171875 0.3859375 0.0421875 0.025
2 0.603125 0.421875 0.05703125 0.040625
2 0.953125 0.45625 0.0359375 0.021875
2 0.3625 0.4609375 0.05078125 0.03671875
2 0.740625 0.48046875 0.05546875 0.04453125
2 0.30703125 0.48125 0.03046875 0.0234375
2 0.7859375 0.53125 0.04375 0.03125
2 0.41484375 0.57109375 0.0375 0.03046875
2 0.67734375 0.571875 0.06328125 0.03671875
2 0.7453125 0.603125 0.0484375 0.0328125
2 0.125 0.640625 0.0328125 0.03359375
2 0.38671875 0.6671875 0.040625 0.034375
2 0.63203125 0.71953125 0.04609375 0.03828125
2 0.4078125 0.7328125 0.0453125 0.03984375
2 0.2875 0.7578125 0.06796875 0.04765625
2 0.89609375 0.7875 0.04296875 0.0375
2 0.2421875 0.83671875 0.02109375 0.0296875
1 0.0890625 0.88359375 0.109375 0.07265625
2 0.4328125 0.90703125 0.07578125 0.07734375
2 0.23203125 0.93359375 0.0359375 0.053125
2 0.3640625 0.98515625 0.03125 0.0265625