2 0.78359375 0.4265625 0.03671875 0.0375
2 0.81796875 0.4453125 0.0265625 0.0328125
2 0.415625 0.46484375 0.03125 0.02734375
2 0.67734375 0.48515625 0.03203125 0.028125
2 0.8515625 0.54375 0.03203125 0.0421875
2 0.8109375 0.56640625 0.040625 0.02734375
2 0.553125 0.60625 0.0453125 0.03125
1 0.6328125 0.6453125 0.171875 0.0640625
2 0.8265625 0.653125 0.04375 0.03359375
2 0.8546875 0.7140625 0.046875 0.03671875
2 0.72421875 0.72890625 0.04921875 0.03671875
2 0.61796875 0.7453125 0.03046875 0.028125
2 0.6953125 0.80859375 0.0328125 0.02578125
1 0.534375 0.82734375 0.171875 0.05390625
2 0.8953125 0.9078125 0.05859375 0.07109375
2 0.6921875 0.90859375 0.02890625 0.03359375
2 0.06171875 0.91875 0.0578125 0.04609375
2 0.2046875 0.94375 0.0390625 0.02265625
2 0.85234375 0.97734375 0.0734375 0.0421875