2 0.6609375 0.584375 0.0546875 0.04765625
2 0.49921875 0.58671875 0.03828125 0.03203125
1 0.92265625 0.5890625 0.09921875 0.0609375
2 0.43515625 0.61328125 0.03984375 0.02109375
2 0.12734375 0.6546875 0.11328125 0.103125
1 0.575 0.67265625 0.09453125 0.04765625
1 0.82421875 0.68671875 0.0625 0.03125
1 0.55625 0.71015625 0.06796875 0.0296875
2 0.95546875 0.7515625 0.03984375 0.0453125
2 0.4421875 0.8140625 0.03046875 0.025
1 0.12421875 0.88125 0.0640625 0.04765625
2 0.678125 0.965625 0.06953125 0.059375