2 0.28203125 0.41171875 0.10859375 0.06171875
2 0.5375 0.47265625 0.35859375 0.27109375
2 0.06796875 0.4734375 0.06796875 0.0421875
2 0.1796875 0.54140625 0.05234375 0.03515625
2 0.88046875 0.565625 0.0390625 0.04375
2 0.31640625 0.57734375 0.0375 0.02578125
2 0.9578125 0.609375 0.05703125 0.04453125
2 0.04375 0.6515625 0.04140625 0.0375
2 0.39609375 0.65859375 0.06796875 0.04765625
2 0.8625 0.85234375 0.04921875 0.02890625
2 0.54140625 0.9703125 0.08203125 0.05546875
2 0.40234375 0.9765625 0.06328125 0.0265625