1 0.15703125 0.240625 0.13359375 0.071875
2 0.78046875 0.26953125 0.03515625 0.0296875
2 0.646875 0.3734375 0.040625 0.0390625
2 0.5578125 0.4953125 0.0484375 0.05078125
2 0.753125 0.50703125 0.065625 0.046875
1 0.89140625 0.06015625 0.10234375 0.04296875
2 0.95078125 0.63671875 0.03828125 0.0421875
1 0.70390625 0.103125 0.0796875 0.05546875
1 0.26328125 0.11640625 0.28515625 0.0953125
2 0.3984375 0.20390625 0.04296875 0.0328125
2 0.61640625 0.20546875 0.06171875 0.03203125
2 0.5109375 0.21171875 0.0375 0.03671875
2 0.28984375 0.21484375 0.0453125 0.03203125
2 0.0390625 0.21875 0.03671875 0.03203125