2 0.01484375 0.3671875 0.0296875 0.021875
2 0.4796875 0.38984375 0.340625 0.21484375
2 0.13359375 0.390625 0.0734375 0.03984375
2 0.20859375 0.44609375 0.0453125 0.025
2 0.83203125 0.471875 0.03125 0.03671875
2 0.32421875 0.478125 0.0234375 0.02734375
2 0.8921875 0.51875 0.05078125 0.03125
2 0.053125 0.54453125 0.04296875 0.0265625
2 0.3296875 0.55234375 0.04765625 0.03515625
2 0.7390625 0.77890625 0.0546875 0.0265625
2 0.33671875 0.78671875 0.040625 0.0390625
2 0.14375 0.921875 0.04921875 0.0515625