2 0.33828125 0.43984375 0.58125 0.40546875
2 0.01796875 0.6125 0.0359375 0.0375
2 0.58359375 0.62265625 0.04296875 0.040625
2 0.06484375 0.6359375 0.0390625 0.028125
2 0.2046875 0.65859375 0.09453125 0.0515625
2 0.29765625 0.690625 0.028125 0.01953125
2 0.21328125 0.74453125 0.04609375 0.0359375
2 0.5203125 0.7859375 0.03671875 0.03515625
2 0.66953125 0.80234375 0.03671875 0.01875
2 0.45234375 0.84296875 0.03203125 0.0359375
2 0.5859375 0.85078125 0.08046875 0.053125
2 0.134375 0.88046875 0.04765625 0.03203125
2 0.10859375 0.940625 0.13203125 0.109375