2 0.74296875 0.2296875 0.17734375 0.0765625
2 0.7171875 0.421875 0.09296875 0.04609375
2 0.83359375 0.44375 0.07265625 0.05703125
2 0.4 0.45546875 0.42109375 0.253125
2 0.0640625 0.50546875 0.12421875 0.08828125
2 0.76875 0.540625 0.05078125 0.053125
2 0.81015625 0.5421875 0.0375 0.03671875
2 0.89140625 0.5546875 0.0953125 0.0546875
2 0.7953125 0.59765625 0.0625 0.05546875
2 0.07578125 0.61640625 0.15078125 0.13125
2 0.4703125 0.628125 0.05546875 0.05703125
2 0.11484375 0.67890625 0.0578125 0.053125
2 0.42578125 0.7328125 0.11171875 0.0828125
2 0.06171875 0.9234375 0.0984375 0.0890625