2 0.62734375 0.24375 0.0484375 0.03515625
2 0.428125 0.278125 0.03359375 0.0265625
2 0.35625 0.31171875 0.0359375 0.02890625
2 0.53046875 0.3375 0.05 0.04453125
2 0.3953125 0.36796875 0.034375 0.0390625
2 0.72734375 0.0375 0.09140625 0.0328125
2 0.815625 0.37890625 0.0515625 0.0359375
2 0.6875 0.3796875 0.1328125 0.1234375
2 0.16953125 0.40859375 0.0734375 0.04609375
2 0.6109375 0.4140625 0.0375 0.0296875
2 0.715625 0.4546875 0.05546875 0.03125
2 0.1625 0.45546875 0.13046875 0.10546875
2 0.65234375 0.47265625 0.034375 0.0359375
2 0.79609375 0.478125 0.04296875 0.046875
2 0.74609375 0.48671875 0.04375 0.034375
2 0.921875 0.51875 0.046875 0.03125
2 0.0484375 0.58671875 0.0703125 0.0984375
2 0.3734375 0.6765625 0.4671875 0.51640625
2 0.14921875 0.06875 0.05546875 0.03046875
2 0.7640625 0.84375 0.2359375 0.21484375
1 0.47109375 0.096875 0.38671875 0.14140625
2 0.36328125 0.97734375 0.0734375 0.0421875
2 0.17421875 0.978125 0.08203125 0.03984375
2 0.3421875 0.2203125 0.04765625 0.02734375