2 0.46875 0.36640625 0.29609375 0.23125
2 0.10625 0.3703125 0.05078125 0.0625
2 0.246875 0.409375 0.025 0.02265625
2 0.17421875 0.43515625 0.028125 0.028125
2 0.81796875 0.44765625 0.05390625 0.03046875
2 0.26328125 0.45 0.02734375 0.02578125
2 0.30234375 0.46328125 0.03515625 0.03203125
2 0.50859375 0.53046875 0.02265625 0.0234375
2 0.0296875 0.53828125 0.0375 0.03359375
2 0.3140625 0.53984375 0.08359375 0.04140625
2 0.66484375 0.55546875 0.034375 0.0328125
2 0.50859375 0.61796875 0.02734375 0.03046875
2 0.66328125 0.7 0.04765625 0.03125
2 0.725 0.77109375 0.05703125 0.0421875
2 0.33125 0.796875 0.06484375 0.04921875
2 0.21875 0.7984375 0.0375 0.03125