2 0.82890625 0.5625 0.0390625 0.03203125
2 0.9484375 0.665625 0.05390625 0.04140625
2 0.8 0.68671875 0.03984375 0.0359375
2 0.7859375 0.7125 0.04375 0.028125
2 0.1984375 0.7140625 0.04375 0.0328125
2 0.8703125 0.734375 0.0453125 0.02578125
2 0.25078125 0.75234375 0.04609375 0.03671875
2 0.4875 0.75234375 0.03671875 0.01953125
2 0.31171875 0.7765625 0.046875 0.03671875
2 0.49921875 0.78203125 0.03671875 0.02578125
2 0.21953125 0.79140625 0.03515625 0.03671875
2 0.8390625 0.82890625 0.06796875 0.05
2 0.165625 0.84453125 0.0296875 0.03046875
2 0.0921875 0.8703125 0.02890625 0.028125
2 0.1203125 0.94296875 0.03984375 0.03828125