2 0.909375 0.509375 0.04375 0.025
2 0.65234375 0.521875 0.0296875 0.028125
2 0.3671875 0.52734375 0.04296875 0.028125
2 0.8125 0.52734375 0.028125 0.021875
2 0.421875 0.53828125 0.03671875 0.02421875
1 0.1703125 0.55234375 0.1765625 0.06484375
2 0.84140625 0.56640625 0.0734375 0.04296875
2 0.296875 0.57109375 0.0484375 0.05
2 0.23828125 0.58671875 0.0265625 0.02421875
2 0.88046875 0.6015625 0.040625 0.0296875
2 0.1109375 0.6203125 0.04375 0.0265625
2 0.2234375 0.64765625 0.0328125 0.03203125
2 0.2359375 0.734375 0.03828125 0.0421875
1 0.21015625 0.7421875 0.3296875 0.1578125
1 0.853125 0.7453125 0.2578125 0.13203125
2 0.3796875 0.7828125 0.0515625 0.04375
2 0.18046875 0.79296875 0.03515625 0.03984375
2 0.403125 0.8609375 0.0296875 0.0359375
2 0.078125 0.9640625 0.0390625 0.03828125