2 0.85390625 0.3578125 0.09140625 0.053125
1 0.71015625 0.40625 0.203125 0.0640625
0 0.128125 0.44140625 0.25625 0.846875
1 0.30625 0.47421875 0.08046875 0.0546875
2 0.875 0.52265625 0.0515625 0.03046875
2 0.815625 0.61171875 0.06796875 0.05078125
2 0.0828125 0.7015625 0.03984375 0.040625
2 0.940625 0.76484375 0.0546875 0.0421875
2 0.1015625 0.77109375 0.0515625 0.04609375
2 0.72109375 0.7765625 0.0515625 0.03359375
0 0.50234375 0.79453125 0.5390625 0.41015625
2 0.95859375 0.8015625 0.071875 0.04296875
2 0.66640625 0.825 0.06171875 0.0484375
2 0.66015625 0.87734375 0.075 0.0296875
0 0.12109375 0.95234375 0.2421875 0.09140625