2 0.81015625 0.46640625 0.0375 0.02578125
2 0.74375 0.47578125 0.025 0.03203125
1 0.83125 0.48984375 0.28828125 0.09140625
2 0.58125 0.496875 0.065625 0.05390625
2 0.840625 0.5265625 0.0328125 0.02734375
2 0.9296875 0.58359375 0.0484375 0.03828125
2 0.1609375 0.58828125 0.04765625 0.0453125
2 0.2203125 0.62890625 0.04921875 0.03515625
2 0.13984375 0.7359375 0.04453125 0.04375
1 0.22265625 0.76015625 0.121875 0.06953125
1 0.74609375 0.81875 0.16015625 0.1203125
2 0.86953125 0.88046875 0.0796875 0.05390625