1 0.3328125 0.4 0.628125 0.06796875
1 0.4859375 0.40234375 0.07265625 0.0359375
2 0.82578125 0.44609375 0.021875 0.034375
2 0.23515625 0.50859375 0.0671875 0.04296875
2 0.35078125 0.5546875 0.0546875 0.02890625
1 0.5921875 0.58671875 0.4828125 0.16953125
1 0.15078125 0.63203125 0.1015625 0.0625
2 0.79921875 0.634375 0.0515625 0.0328125
2 0.61484375 0.6546875 0.06328125 0.0421875
2 0.2671875 0.66015625 0.04375 0.03359375
2 0.2109375 0.6640625 0.04375 0.02578125
2 0.225 0.6859375 0.03671875 0.028125
1 0.88984375 0.69765625 0.08359375 0.0296875
2 0.33828125 0.71640625 0.04296875 0.02890625
2 0.8125 0.9078125 0.075 0.0765625