1 0.8828125 0.40625 0.16015625 0.04140625
2 0.3078125 0.4125 0.05703125 0.034375
1 0.44375 0.475 0.11640625 0.03984375
1 0.58515625 0.48515625 0.1640625 0.040625
2 0.33984375 0.50625 0.03515625 0.03359375
2 0.865625 0.515625 0.06953125 0.0296875
2 0.2875 0.5171875 0.040625 0.03671875
2 0.84140625 0.54765625 0.06640625 0.025
2 0.33125 0.5546875 0.04609375 0.03125
2 0.6796875 0.56796875 0.11484375 0.0640625
1 0.4375 0.63515625 0.1375 0.05390625
1 0.16796875 0.6703125 0.3359375 0.11796875
1 0.65 0.678125 0.084375 0.03359375
2 0.89140625 0.70546875 0.046875 0.0421875
2 0.63203125 0.77421875 0.0484375 0.0359375
2 0.94453125 0.82265625 0.03125 0.0515625
2 0.18828125 0.8453125 0.05078125 0.03203125
2 0.93984375 0.925 0.05390625 0.05078125