1 0.72265625 0.340625 0.2546875 0.07734375
2 0.06328125 0.35078125 0.03671875 0.02421875
1 0.2125 0.421875 0.12109375 0.040625
1 0.35703125 0.42890625 0.128125 0.0390625
2 0.625 0.44296875 0.0703125 0.05078125
1 0.1515625 0.45078125 0.234375 0.0359375
2 0.103125 0.453125 0.0390625 0.0203125
2 0.04296875 0.46171875 0.0390625 0.028125
2 0.60234375 0.47734375 0.06953125 0.03984375
2 0.69921875 0.50078125 0.04140625 0.03046875
2 0.44453125 0.50546875 0.0890625 0.0640625
2 0.63359375 0.53046875 0.04453125 0.02109375
1 0.2078125 0.58125 0.14375 0.0578125
2 0.63984375 0.6171875 0.05 0.0328125
1 0.09375 0.6421875 0.18046875 0.0609375
2 0.3859375 0.70234375 0.0484375 0.04296875
2 0.675 0.7296875 0.04375 0.03671875
2 0.1953125 0.73125 0.03203125 0.02890625
2 0.87265625 0.7328125 0.0671875 0.03984375
2 0.11796875 0.7984375 0.0390625 0.0375
2 0.66875 0.8203125 0.08125 0.04921875
2 0.86328125 0.890625 0.07890625 0.053125