1 0.296875 0.38359375 0.24375 0.0484375
2 0.9375 0.4625 0.03984375 0.02890625
2 0.21328125 0.49140625 0.06171875 0.04296875
2 0.17734375 0.52421875 0.06171875 0.03125
2 0.28515625 0.546875 0.0390625 0.028125
2 0.02734375 0.559375 0.0546875 0.06328125
2 0.21328125 0.5859375 0.04609375 0.0203125
2 0.6421875 0.58671875 0.03125 0.01796875
2 0.51484375 0.60078125 0.03984375 0.0296875
2 0.30546875 0.61484375 0.05234375 0.0390625
2 0.2125 0.665625 0.04296875 0.0453125
2 0.42890625 0.7578125 0.07109375 0.05234375
2 0.24375 0.7765625 0.05703125 0.040625
2 0.21796875 0.8765625 0.05859375 0.03828125
2 0.40703125 0.91171875 0.05625 0.05703125