1 0.60703125 0.41015625 0.09296875 0.0234375
1 0.45546875 0.41484375 0.10703125 0.028125
1 0.84609375 0.44765625 0.059375 0.034375
1 0.046875 0.45 0.06953125 0.0203125
1 0.59453125 0.45390625 0.0734375 0.02421875
1 0.72578125 0.459375 0.06953125 0.0265625
1 0.1140625 0.47421875 0.05390625 0.0265625
1 0.40390625 0.5140625 0.2765625 0.10078125
1 0.63515625 0.53203125 0.03359375 0.0265625
1 0.17421875 0.5421875 0.0796875 0.02890625
1 0.584375 0.5578125 0.03359375 0.02109375
1 0.1890625 0.5671875 0.09375 0.0328125
1 0.33515625 0.5796875 0.06953125 0.0296875
1 0.571875 0.58125 0.05234375 0.0265625
1 0.39609375 0.6046875 0.065625 0.03515625
2 0.63671875 0.61875 0.0609375 0.0421875
1 0.17890625 0.6203125 0.13125 0.05078125
1 0.8828125 0.67109375 0.13515625 0.06171875
1 0.25 0.69296875 0.09921875 0.06171875
2 0.7734375 0.6953125 0.03359375 0.04609375
1 0.740625 0.82890625 0.228125 0.10078125
2 0.13828125 0.83203125 0.046875 0.04140625
1 0.93828125 0.878125 0.07734375 0.06953125