1 0.703125 0.39609375 0.1109375 0.03515625
1 0.9328125 0.4109375 0.11484375 0.03828125
1 0.6 0.4375 0.0921875 0.04375
1 0.78046875 0.44453125 0.06640625 0.03359375
1 0.8421875 0.49140625 0.0546875 0.02578125
1 0.8765625 0.515625 0.04765625 0.02734375
1 0.70546875 0.51640625 0.05234375 0.0390625
1 0.7875 0.534375 0.04609375 0.03046875
1 0.6578125 0.54921875 0.03828125 0.028125
1 0.80859375 0.55859375 0.0375 0.034375
1 0.74296875 0.615625 0.05390625 0.0453125
1 0.3578125 0.7375 0.275 0.07421875
2 0.57109375 0.89296875 0.0640625 0.04375
1 0.08828125 0.92890625 0.1765625 0.1390625