1 0.53359375 0.48984375 0.0421875 0.028125
1 0.459375 0.4921875 0.06015625 0.0296875
1 0.0703125 0.521875 0.1078125 0.03828125
1 0.44375 0.528125 0.059375 0.03359375
1 0.76640625 0.534375 0.0703125 0.03046875
1 0.17109375 0.53515625 0.09609375 0.0421875
1 0.1125 0.553125 0.0421875 0.028125
1 0.459375 0.58203125 0.1046875 0.04453125
1 0.64296875 0.678125 0.0796875 0.04140625
1 0.3015625 0.70390625 0.08984375 0.04296875
1 0.71796875 0.7140625 0.13828125 0.06015625
1 0.49140625 0.740625 0.253125 0.0953125
1 0.046875 0.753125 0.07265625 0.034375
1 0.13984375 0.75703125 0.16796875 0.0734375
1 0.3328125 0.771875 0.0375 0.0265625
1 0.87265625 0.78515625 0.0671875 0.0453125
1 0.2328125 0.79609375 0.1125 0.053125
1 0.36015625 0.8609375 0.15546875 0.084375
1 0.2171875 0.89375 0.11953125 0.0734375