2 0.73203125 0.3453125 0.04609375 0.02734375
1 0.81796875 0.39921875 0.07265625 0.03984375
1 0.68125 0.40390625 0.04609375 0.04140625
1 0.7625 0.42578125 0.04921875 0.03046875
1 0.1953125 0.42578125 0.06171875 0.03046875
1 0.590625 0.4265625 0.10625 0.05703125
1 0.33125 0.440625 0.059375 0.0359375
1 0.20859375 0.45078125 0.09140625 0.04375
1 0.2578125 0.4875 0.0453125 0.0421875
1 0.3765625 0.534375 0.05625 0.04375
1 0.54453125 0.5703125 0.0578125 0.05234375
1 0.35234375 0.58984375 0.153125 0.075
1 0.634375 0.646875 0.09765625 0.075
1 0.32265625 0.72734375 0.11328125 0.0703125
1 0.25625 0.859375 0.084375 0.0609375
2 0.946875 0.86640625 0.0703125 0.06640625
1 0.36171875 0.86640625 0.0765625 0.06015625
2 0.671875 0.88515625 0.04140625 0.0453125