1 0.825 0.4609375 0.07578125 0.0421875
1 0.5109375 0.4671875 0.0921875 0.0359375
1 0.7640625 0.475 0.05234375 0.03984375
1 0.40390625 0.48984375 0.0671875 0.03125
1 0.32578125 0.50390625 0.05703125 0.03125
1 0.64375 0.528125 0.0484375 0.028125
1 0.37109375 0.5390625 0.059375 0.028125
1 0.18125 0.57890625 0.12734375 0.0375
2 0.5015625 0.58828125 0.04296875 0.03515625
1 0.41796875 0.59609375 0.09921875 0.04375
1 0.09375 0.6171875 0.1078125 0.0328125
1 0.91640625 0.621875 0.1359375 0.05234375
1 0.2359375 0.625 0.14609375 0.03515625
1 0.61875 0.67109375 0.1453125 0.0640625
1 0.91640625 0.7 0.1375 0.0703125
1 0.10234375 0.71328125 0.08203125 0.05703125
2 0.70546875 0.7421875 0.06640625 0.0390625
1 0.27578125 0.809375 0.0625 0.04765625
1 0.3890625 0.809375 0.0625 0.053125
1 0.11171875 0.8328125 0.05625 0.053125
2 0.19921875 0.86484375 0.0859375 0.04453125
2 0.375 0.8828125 0.03125 0.0359375
2 0.35625 0.93515625 0.0421875 0.0375