1 0.41328125 0.359375 0.05625 0.034375
1 0.771875 0.43671875 0.06484375 0.03828125
1 0.66640625 0.4546875 0.090625 0.0390625
1 0.70234375 0.46484375 0.559375 0.13359375
1 0.46953125 0.54453125 0.07734375 0.05078125
1 0.81953125 0.55859375 0.15234375 0.03984375
1 0.36875 0.59609375 0.515625 0.19453125
1 0.0890625 0.609375 0.1125 0.0671875
1 0.79765625 0.6125 0.14453125 0.06328125
1 0.375 0.64375 0.13671875 0.06640625
2 0.72578125 0.64765625 0.05234375 0.03046875
1 0.23203125 0.66171875 0.07265625 0.046875
2 0.93984375 0.68671875 0.0421875 0.0515625
2 0.66953125 0.6953125 0.0515625 0.03984375
2 0.27421875 0.7171875 0.05234375 0.04609375
1 0.7890625 0.7609375 0.15390625 0.09296875
2 0.21640625 0.80859375 0.040625 0.0359375
2 0.1046875 0.84765625 0.0453125 0.0453125
1 0.84609375 0.91875 0.09375 0.06328125
2 0.36015625 0.91953125 0.06640625 0.0578125