1 0.9484375 0.37734375 0.0515625 0.028125
1 0.84921875 0.38515625 0.04609375 0.015625
1 0.10234375 0.409375 0.09765625 0.040625
1 0.475 0.41640625 0.1140625 0.04921875
1 0.56328125 0.42265625 0.09375 0.04453125
1 0.32890625 0.428125 0.115625 0.04765625
1 0.85546875 0.471875 0.08984375 0.0421875
1 0.22734375 0.50625 0.040625 0.0234375
1 0.26171875 0.5234375 0.04296875 0.025
1 0.09453125 0.52421875 0.090625 0.059375
1 0.178125 0.5453125 0.0546875 0.03515625
1 0.0484375 0.57109375 0.08125 0.03984375
1 0.9171875 0.58359375 0.0375 0.028125
1 0.70234375 0.59765625 0.05546875 0.0265625
1 0.43359375 0.62265625 0.0859375 0.03984375
1 0.55390625 0.628125 0.12265625 0.06015625
1 0.87890625 0.6390625 0.19921875 0.06484375
1 0.028125 0.653125 0.034375 0.0390625
1 0.70078125 0.665625 0.10390625 0.046875
1 0.58046875 0.6875 0.14609375 0.0609375
1 0.40859375 0.721875 0.1734375 0.0828125
1 0.78046875 0.74296875 0.16796875 0.06953125
1 0.6203125 0.76796875 0.096875 0.06015625
1 0.2765625 0.821875 0.11484375 0.04765625
1 0.46796875 0.859375 0.06953125 0.053125
1 0.78515625 0.8640625 0.0625 0.03515625
1 0.66171875 0.87578125 0.11953125 0.05703125
1 0.34375 0.90234375 0.13046875 0.0734375
1 0.6796875 0.95546875 0.2 0.084375