1 0.6640625 0.2828125 0.065625 0.0453125
1 0.24765625 0.2953125 0.07109375 0.02578125
1 0.1265625 0.30234375 0.05390625 0.03046875
1 0.1546875 0.32421875 0.021875 0.01484375
1 0.24609375 0.32734375 0.0265625 0.02421875
1 0.190625 0.33125 0.03671875 0.03125
1 0.10078125 0.3375 0.04375 0.03203125
1 0.3203125 0.3390625 0.0421875 0.028125
1 0.1484375 0.3421875 0.02578125 0.01640625
1 0.2125 0.34375 0.025 0.015625
1 0.27578125 0.34609375 0.034375 0.01953125
1 0.19296875 0.37109375 0.0546875 0.040625
1 0.36953125 0.37421875 0.06171875 0.03671875
1 0.14921875 0.3828125 0.04375 0.0234375
1 0.24375 0.39375 0.0765625 0.0390625
1 0.0265625 0.40234375 0.04609375 0.03359375
1 0.19453125 0.42109375 0.0390625 0.0234375
1 0.28046875 0.42890625 0.05078125 0.02421875
1 0.03515625 0.4671875 0.06953125 0.04375
1 0.14140625 0.471875 0.06875 0.04296875
2 0.18046875 0.5671875 0.04921875 0.0296875
2 0.42890625 0.60546875 0.41953125 0.19296875
2 0.1515625 0.70546875 0.04296875 0.05859375
2 0.20234375 0.72578125 0.0375 0.03125