2 0.321875 0.38984375 0.05546875 0.0359375
2 0.17265625 0.396875 0.028125 0.03125
2 0.66875 0.41640625 0.0453125 0.03515625
2 0.2265625 0.44140625 0.03984375 0.0296875
2 0.95859375 0.45625 0.03515625 0.0375
1 0.8109375 0.5265625 0.22890625 0.07265625
2 0.53359375 0.56796875 0.0375 0.02890625
2 0.33828125 0.56875 0.03125 0.03046875
1 0.7875 0.5796875 0.21328125 0.06484375
2 0.54609375 0.6828125 0.0375 0.03203125
2 0.73359375 0.7171875 0.04375 0.0328125
2 0.95390625 0.73984375 0.05078125 0.04140625
2 0.66875 0.73984375 0.0375 0.01953125
1 0.2875 0.803125 0.28046875 0.14296875
2 0.65234375 0.878125 0.05390625 0.04609375
2 0.028125 0.94765625 0.04609375 0.059375
2 0.97578125 0.9578125 0.034375 0.0390625