2 0.1 0.38671875 0.04375 0.02421875
2 0.5734375 0.3921875 0.04140625 0.02578125
2 0.6859375 0.39375 0.04140625 0.02890625
2 0.1765625 0.396875 0.0265625 0.025
1 0.315625 0.415625 0.115625 0.03125
1 0.50390625 0.4171875 0.1046875 0.0375
2 0.1359375 0.434375 0.03359375 0.0265625
1 0.76328125 0.48515625 0.0765625 0.040625
1 0.3765625 0.496875 0.1796875 0.06953125
2 0.671875 0.51015625 0.06015625 0.02890625
2 0.159375 0.5234375 0.05 0.03046875
2 0.28046875 0.56875 0.03515625 0.0328125
1 0.4703125 0.578125 0.19453125 0.0609375
1 0.65234375 0.62421875 0.18828125 0.08125
2 0.37578125 0.63125 0.0609375 0.034375
1 0.67265625 0.790625 0.309375 0.13828125
2 0.51953125 0.90546875 0.0609375 0.0484375