1 0.12734375 0.4859375 0.2109375 0.0671875
2 0.234375 0.52734375 0.025 0.02734375
1 0.34375 0.55078125 0.11796875 0.04921875
2 0.38359375 0.65703125 0.0421875 0.01875
2 0.93984375 0.66015625 0.06171875 0.03046875
2 0.5453125 0.6609375 0.0578125 0.0296875
2 0.37109375 0.675 0.034375 0.0203125
2 0.92578125 0.7 0.04609375 0.0453125
2 0.8078125 0.709375 0.05234375 0.028125
2 0.63203125 0.71640625 0.0359375 0.02265625
2 0.63828125 0.7421875 0.034375 0.0265625
2 0.825 0.815625 0.04765625 0.0328125
2 0.9015625 0.8296875 0.059375 0.04609375
2 0.96015625 0.84609375 0.040625 0.0375
2 0.93671875 0.903125 0.04765625 0.03125