1 0.6625 0.290625 0.06640625 0.0265625
1 0.77421875 0.303125 0.03984375 0.034375
1 0.3890625 0.32109375 0.040625 0.02109375
1 0.5640625 0.33125 0.03125 0.03203125
1 0.71328125 0.35234375 0.053125 0.04375
1 0.3046875 0.37265625 0.1046875 0.05234375
1 0.17421875 0.37578125 0.04453125 0.02265625
1 0.64453125 0.396875 0.05234375 0.0328125
1 0.41171875 0.40859375 0.034375 0.015625
1 0.21015625 0.41640625 0.05 0.02734375
1 0.2640625 0.434375 0.03125 0.025
1 0.3125 0.4421875 0.03828125 0.028125
1 0.42421875 0.46640625 0.0421875 0.03515625
1 0.36875 0.48125 0.0296875 0.0328125
1 0.334375 0.5015625 0.03046875 0.03203125
1 0.36171875 0.5234375 0.0265625 0.028125
2 0.815625 0.54453125 0.040625 0.0234375
2 0.58125 0.5453125 0.03828125 0.025
1 0.1125 0.58671875 0.09921875 0.03359375
2 0.4390625 0.6234375 0.0609375 0.04140625
1 0.8234375 0.6265625 0.134375 0.04140625
1 0.11328125 0.628125 0.0875 0.0328125
1 0.1125 0.65390625 0.11328125 0.040625
2 0.22265625 0.66640625 0.02890625 0.03515625
1 0.89375 0.7140625 0.190625 0.09375
1 0.26953125 0.8171875 0.2671875 0.1015625
1 0.36484375 0.8953125 0.2859375 0.11796875