1 0.23125 0.3234375 0.0734375 0.0265625
1 0.1421875 0.3265625 0.0453125 0.02890625
1 0.35234375 0.33046875 0.05703125 0.0296875
1 0.08984375 0.346875 0.034375 0.0328125
1 0.33828125 0.35703125 0.03828125 0.04453125
1 0.46484375 0.36015625 0.06875 0.0328125
1 0.140625 0.36328125 0.0453125 0.034375
1 0.29609375 0.3796875 0.04375 0.03515625
1 0.26015625 0.38515625 0.0328125 0.0328125
1 0.23046875 0.42890625 0.053125 0.03203125
1 0.44375 0.44140625 0.04375 0.03203125
1 0.30859375 0.484375 0.04375 0.0390625
1 0.32109375 0.5328125 0.03984375 0.03515625
1 0.81796875 0.546875 0.16953125 0.06796875
2 0.42109375 0.559375 0.06796875 0.0265625
2 0.1921875 0.59296875 0.04453125 0.02890625
2 0.63828125 0.596875 0.059375 0.02890625
1 0.42109375 0.625 0.13671875 0.0515625
2 0.03203125 0.68515625 0.05625 0.04609375
1 0.496875 0.7 0.17578125 0.10234375
2 0.02421875 0.7921875 0.0484375 0.0421875