1 0.92578125 0.265625 0.04375 0.0265625
1 0.32109375 0.2984375 0.07109375 0.03828125
1 0.9703125 0.31875 0.04296875 0.028125
1 0.41484375 0.4109375 0.0640625 0.040625
1 0.50234375 0.4125 0.0625 0.02890625
1 0.8125 0.42109375 0.03984375 0.03125
1 0.5921875 0.44375 0.0953125 0.03046875
2 0.1421875 0.46640625 0.03671875 0.03203125
1 0.47578125 0.4796875 0.16484375 0.0765625
1 0.7640625 0.49765625 0.07109375 0.04375
2 0.79140625 0.54765625 0.0515625 0.0328125
1 0.8734375 0.5546875 0.07421875 0.04453125
2 0.29453125 0.57421875 0.040625 0.03359375
1 0.39921875 0.57578125 0.15078125 0.05390625
2 0.60703125 0.6109375 0.03828125 0.02265625
2 0.49375 0.61953125 0.03046875 0.03515625
2 0.290625 0.6984375 0.05234375 0.03359375
2 0.61484375 0.70859375 0.06953125 0.04140625
2 0.73671875 0.725 0.03046875 0.03125
2 0.10390625 0.73515625 0.0546875 0.034375
2 0.56015625 0.7375 0.03671875 0.0375
2 0.47578125 0.76875 0.03515625 0.03828125
2 0.8453125 0.7765625 0.05625 0.04296875
2 0.5328125 0.83203125 0.0421875 0.03359375
2 0.040625 0.83671875 0.04296875 0.053125
2 0.465625 0.8390625 0.03203125 0.0328125
2 0.16796875 0.8453125 0.11875 0.05703125
2 0.078125 0.94453125 0.05703125 0.04609375
2 0.15703125 0.95234375 0.04765625 0.04765625