2 0.89375 0.48984375 0.04296875 0.0375
2 0.87421875 0.534375 0.03203125 0.01875
1 0.3109375 0.54140625 0.334375 0.1171875
1 0.63359375 0.58359375 0.1953125 0.09375
2 0.13359375 0.70859375 0.053125 0.03046875
2 0.6078125 0.728125 0.0546875 0.02734375
2 0.15078125 0.75625 0.0625 0.028125
2 0.47109375 0.77578125 0.04453125 0.03515625
2 0.56015625 0.79140625 0.04140625 0.03515625
2 0.11796875 0.85234375 0.0859375 0.08359375
2 0.815625 0.884375 0.04375 0.0359375
2 0.95078125 0.96171875 0.0359375 0.03359375
2 0.684375 0.9796875 0.0625 0.0265625