2 0.27109375 0.58671875 0.5421875 0.4390625
2 0.8015625 0.6203125 0.06171875 0.04765625
2 0.7234375 0.675 0.03359375 0.03515625
2 0.771875 0.74453125 0.0328125 0.03828125
2 0.67578125 0.759375 0.04609375 0.04140625
2 0.91875 0.76328125 0.04296875 0.0390625
2 0.83046875 0.790625 0.0421875 0.03046875
2 0.66875 0.80546875 0.06171875 0.03984375
2 0.26875 0.80546875 0.090625 0.08359375
2 0.7875 0.84296875 0.03828125 0.03046875
2 0.6859375 0.8515625 0.05078125 0.02734375
2 0.54609375 0.85390625 0.05234375 0.028125
2 0.1765625 0.8765625 0.065625 0.04609375
2 0.72734375 0.903125 0.08359375 0.05
2 0.05078125 0.90546875 0.09140625 0.06171875