2 0.5171875 0.2421875 0.07109375 0.0515625
2 0.07578125 0.28359375 0.0734375 0.0546875
2 0.13984375 0.32265625 0.06171875 0.04453125
2 0.11484375 0.40078125 0.071875 0.05234375
2 0.93359375 0.42734375 0.11328125 0.0828125
2 0.62578125 0.453125 0.11015625 0.06953125
2 0.428125 0.459375 0.03359375 0.04296875
2 0.33203125 0.465625 0.075 0.08046875
2 0.2 0.48125 0.096875 0.0484375
2 0.21875 0.0671875 0.0671875 0.03203125
2 0.82734375 0.07578125 0.08515625 0.04140625
2 0.4078125 0.1078125 0.07109375 0.03828125
2 0.01953125 0.1390625 0.0390625 0.05
2 0.78828125 0.21953125 0.1109375 0.04765625