2 0.8703125 0.22265625 0.08046875 0.05625
2 0.33984375 0.23046875 0.11171875 0.0453125
2 0.88828125 0.428125 0.13046875 0.0828125
2 0.45078125 0.49140625 0.0609375 0.04296875
2 0.9421875 0.4921875 0.04453125 0.03515625
2 0.57265625 0.49296875 0.109375 0.0796875
2 0.33203125 0.5171875 0.05 0.04296875
2 0.23359375 0.5515625 0.12421875 0.08125
2 0.8984375 0.5765625 0.0515625 0.0359375
2 0.0359375 0.590625 0.06171875 0.04375
2 0.2171875 0.6546875 0.03515625 0.03671875
2 0.1984375 0.75078125 0.05546875 0.06875
2 0.6234375 0.1703125 0.059375 0.03671875