2 0.2625 0.2328125 0.04453125 0.04296875
2 0.7390625 0.23515625 0.0515625 0.03359375
2 0.28203125 0.2875 0.04609375 0.03515625
2 0.4046875 0.28828125 0.05546875 0.04765625
2 0.62578125 0.2890625 0.028125 0.03203125
2 0.96171875 0.28984375 0.05546875 0.0359375
2 0.12578125 0.2921875 0.03828125 0.0453125
2 0.74375 0.30234375 0.03671875 0.03046875
2 0.86875 0.31796875 0.04765625 0.059375
2 0.7359375 0.3484375 0.05078125 0.04296875
2 0.41328125 0.365625 0.08046875 0.05390625
2 0.125 0.40703125 0.0578125 0.046875
2 0.20859375 0.41640625 0.05546875 0.04140625
2 0.421875 0.43125 0.05390625 0.0296875
2 0.590625 0.43359375 0.0375 0.0421875
1 0.925 0.4359375 0.1203125 0.1171875
2 0.77890625 0.44140625 0.06796875 0.04921875
2 0.51484375 0.44375 0.0375 0.0390625
1 0.83203125 0.51328125 0.184375 0.10234375
2 0.65859375 0.52109375 0.04921875 0.03828125
2 0.2640625 0.0546875 0.05703125 0.04375
2 0.54609375 0.553125 0.046875 0.075
2 0.09296875 0.05703125 0.12578125 0.06875
2 0.85390625 0.57109375 0.06171875 0.05234375
2 0.20625 0.06640625 0.05078125 0.05234375
2 0.85390625 0.66953125 0.08125 0.05078125
2 0.9453125 0.74296875 0.0703125 0.04453125
1 0.70859375 0.078125 0.265625 0.0953125
2 0.84375 0.821875 0.04296875 0.05
2 0.25703125 0.1640625 0.03203125 0.03046875
2 0.2109375 0.20234375 0.040625 0.040625
2 0.77890625 0.209375 0.05 0.0375
2 0.8921875 0.21015625 0.04296875 0.046875