1 0.3671875 0.35 0.0671875 0.03671875
2 0.6890625 0.4125 0.059375 0.02421875
2 0.0546875 0.42265625 0.0390625 0.02890625
1 0.490625 0.42734375 0.0890625 0.03046875
2 0.2625 0.4765625 0.03203125 0.028125
2 0.43046875 0.47734375 0.03046875 0.0234375
2 0.78359375 0.48671875 0.0640625 0.02890625
2 0.134375 0.51640625 0.0609375 0.04375
2 0.075 0.5375 0.03203125 0.0296875
2 0.76328125 0.565625 0.0375 0.03359375
2 0.5484375 0.58046875 0.05703125 0.03671875
2 0.22265625 0.6015625 0.05234375 0.03359375
2 0.89609375 0.6734375 0.08046875 0.0515625
2 0.28203125 0.67421875 0.04921875 0.03359375
2 0.67734375 0.703125 0.06875 0.046875
2 0.534375 0.7140625 0.0484375 0.03671875
2 0.46171875 0.72109375 0.05703125 0.04921875
2 0.3546875 0.72734375 0.06484375 0.04296875
2 0.21796875 0.73828125 0.1015625 0.078125
2 0.015625 0.875 0.03125 0.04921875