2 0.43984375 0.22578125 0.05859375 0.065625
2 0.15546875 0.23203125 0.0828125 0.0359375
2 0.803125 0.240625 0.03984375 0.05234375
2 0.96328125 0.24765625 0.0421875 0.0296875
2 0.22578125 0.25625 0.040625 0.03203125
2 0.42421875 0.29296875 0.04453125 0.03203125
2 0.6125 0.3375 0.059375 0.0484375
2 0.81953125 0.36484375 0.0484375 0.0421875
2 0.66015625 0.421875 0.04296875 0.03515625
2 0.8453125 0.5078125 0.071875 0.046875
2 0.7984375 0.6203125 0.0578125 0.05234375
2 0.36328125 0.06640625 0.046875 0.0328125
2 0.86484375 0.703125 0.05546875 0.0390625
2 0.7328125 0.80078125 0.0625 0.0453125
2 0.89375 0.0921875 0.0484375 0.0328125
2 0.78046875 0.93203125 0.05 0.04375
2 0.71484375 0.934375 0.04453125 0.05078125
2 0.6484375 0.94296875 0.0609375 0.05
2 0.1984375 0.121875 0.040625 0.0296875
2 0.84921875 0.121875 0.0453125 0.02578125
2 0.33828125 0.1265625 0.04921875 0.0421875
2 0.46640625 0.13828125 0.05 0.03515625
2 0.709375 0.16796875 0.02890625 0.04375
2 0.90625 0.17265625 0.0703125 0.0328125
2 0.690625 0.203125 0.03671875 0.03203125
2 0.8328125 0.20546875 0.053125 0.034375
2 0.96328125 0.2125 0.0421875 0.02890625