2 0.39140625 0.25703125 0.0625 0.04140625
2 0.8515625 0.3046875 0.04453125 0.03359375
2 0.659375 0.36328125 0.0625 0.040625
2 0.16328125 0.4125 0.06015625 0.0578125
2 0.57265625 0.44375 0.0484375 0.04453125
2 0.13359375 0.4484375 0.04609375 0.02890625
2 0.25390625 0.4765625 0.06328125 0.05546875
2 0.43125 0.521875 0.0671875 0.065625
2 0.503125 0.5328125 0.07109375 0.05859375
2 0.2140625 0.55234375 0.0765625 0.04921875
2 0.4 0.05703125 0.0796875 0.0515625
2 0.396875 0.61953125 0.0703125 0.0578125
2 0.2609375 0.62109375 0.06796875 0.05625
2 0.35078125 0.66796875 0.0328125 0.03828125
2 0.91171875 0.0796875 0.05859375 0.03984375
2 0.4359375 0.83828125 0.07734375 0.05078125
2 0.88046875 0.92734375 0.04921875 0.05078125
2 0.60703125 0.93515625 0.13046875 0.1234375
2 0.821875 0.975 0.06484375 0.04296875
2 0.04375 0.1015625 0.04140625 0.04609375
2 0.0890625 0.128125 0.03046875 0.0328125
1 0.43515625 0.1515625 0.146875 0.0546875
2 0.69609375 0.18046875 0.06484375 0.03359375
2 0.59140625 0.20625 0.075 0.028125