2 0.7109375 0.4625 0.05078125 0.02578125
2 0.8078125 0.48984375 0.0390625 0.03203125
2 0.640625 0.56171875 0.0359375 0.028125
1 0.82890625 0.571875 0.153125 0.06171875
2 0.92734375 0.65546875 0.04375 0.040625
2 0.16328125 0.6609375 0.05234375 0.0296875
2 0.22734375 0.66171875 0.04296875 0.03359375
2 0.88828125 0.67109375 0.0421875 0.0328125
2 0.89375 0.72265625 0.0390625 0.0265625
1 0.85390625 0.8234375 0.13359375 0.053125
2 0.71328125 0.89609375 0.05546875 0.06171875
2 0.2265625 0.9 0.05078125 0.04296875