1 0.06953125 0.4484375 0.13828125 0.06015625
1 0.209375 0.4875 0.25546875 0.05625
1 0.671875 0.5953125 0.23125 0.109375
1 0.434375 0.6515625 0.16328125 0.0796875
1 0.1125 0.66875 0.096875 0.04921875
1 0.31640625 0.6796875 0.1453125 0.07578125
2 0.50625 0.7375 0.10546875 0.05078125
2 0.2859375 0.77734375 0.0859375 0.05703125
2 0.125 0.80546875 0.13828125 0.059375
2 0.50390625 0.88359375 0.14609375 0.08671875
1 0.8765625 0.91328125 0.19375 0.10078125
2 0.371875 0.9484375 0.1109375 0.0640625
2 0.25625 0.9671875 0.11796875 0.059375