1 0.87265625 0.2328125 0.0796875 0.04296875
1 0.40703125 0.3171875 0.0671875 0.0453125
1 0.7015625 0.32421875 0.09140625 0.03671875
1 0.05390625 0.403125 0.0921875 0.07109375
1 0.06875 0.4671875 0.1375 0.10625
1 0.8015625 0.478125 0.06953125 0.0390625
1 0.55703125 0.05390625 0.11328125 0.0390625
1 0.8578125 0.56796875 0.1546875 0.05625
1 0.84609375 0.671875 0.1546875 0.0484375
1 0.528125 0.775 0.55390625 0.0625
1 0.17109375 0.834375 0.26171875 0.0640625
1 0.47890625 0.09140625 0.1328125 0.04609375
1 0.5171875 0.925 0.3546875 0.09140625
1 0.92578125 0.1375 0.14453125 0.03984375
1 0.9421875 0.17578125 0.1109375 0.04921875
1 0.68984375 0.2109375 0.19140625 0.06015625