2 0.6546875 0.246875 0.04453125 0.034375
2 0.92734375 0.25546875 0.134375 0.10859375
2 0.69375 0.2953125 0.05078125 0.0484375
2 0.56640625 0.31796875 0.07890625 0.05546875
2 0.08125 0.3203125 0.1625 0.13125
2 0.421875 0.3546875 0.12578125 0.0515625
2 0.32109375 0.39375 0.09140625 0.05703125
2 0.9265625 0.571875 0.121875 0.0640625
2 0.2484375 0.57578125 0.1625 0.0734375
2 0.3 0.65859375 0.08984375 0.0890625
2 0.16171875 0.709375 0.15234375 0.1125
2 0.828125 0.71875 0.11328125 0.07109375
2 0.66171875 0.771875 0.071875 0.059375
2 0.1765625 0.84453125 0.175 0.14453125
2 0.89296875 0.89140625 0.20859375 0.21328125
2 0.684375 0.96640625 0.23125 0.0625
0 0.46015625 0.18125 0.25 0.15390625