2 0.6796875 0.26796875 0.046875 0.04140625
2 0.61171875 0.271875 0.05234375 0.0390625
2 0.7578125 0.2859375 0.084375 0.06640625
2 0.45625 0.28828125 0.21640625 0.0984375
0 0.4109375 0.34375 0.18984375 0.290625
2 0.553125 0.378125 0.3 0.1015625
2 0.58203125 0.4640625 0.125 0.06640625
2 0.04609375 0.0640625 0.0921875 0.04375
2 0.86953125 0.065625 0.10546875 0.05703125
2 0.33046875 0.65 0.16484375 0.15
2 0.7234375 0.79296875 0.20078125 0.16953125
2 0.2015625 0.8453125 0.403125 0.30625
2 0.3640625 0.1015625 0.075 0.053125
2 0.63984375 0.1203125 0.0453125 0.0484375
2 0.52734375 0.12578125 0.17578125 0.065625
2 0.078125 0.13046875 0.15625 0.0890625
2 0.2234375 0.159375 0.09296875 0.053125
2 0.34375 0.1640625 0.09453125 0.053125
2 0.47109375 0.19453125 0.21953125 0.08359375
2 0.15390625 0.2125 0.0984375 0.0609375