0 0.54140625 0.296875 0.0703125 0.075
0 0.43671875 0.32734375 0.046875 0.0484375
2 0.6640625 0.3609375 0.03828125 0.046875
2 0.60859375 0.37109375 0.06328125 0.053125
2 0.3046875 0.503125 0.15546875 0.09140625
2 0.6671875 0.5078125 0.046875 0.040625
2 0.8125 0.5390625 0.24375 0.14140625
2 0.1359375 0.5453125 0.10390625 0.0734375
2 0.0984375 0.60859375 0.159375 0.05859375
2 0.65625 0.61015625 0.21796875 0.09609375
2 0.39609375 0.690625 0.16953125 0.09609375
2 0.1875 0.71015625 0.1109375 0.05703125
2 0.1140625 0.88828125 0.221875 0.1734375
2 0.4125 0.921875 0.26015625 0.15078125