1 0.49921875 0.375 0.9984375 0.21640625
2 0.71015625 0.484375 0.11328125 0.05390625
2 0.815625 0.48671875 0.1078125 0.0625
2 0.49140625 0.5 0.07890625 0.0609375
2 0.91953125 0.50703125 0.1078125 0.06640625
2 0.384375 0.509375 0.12890625 0.0609375
2 0.740625 0.5328125 0.08828125 0.05390625
2 0.1640625 0.5359375 0.30546875 0.10546875
2 0.83203125 0.56484375 0.08828125 0.09609375
2 0.41796875 0.571875 0.0953125 0.0640625
2 0.73828125 0.59140625 0.10078125 0.04453125
2 0.53671875 0.6265625 0.17734375 0.05859375
2 0.109375 0.74140625 0.06796875 0.04453125
2 0.7875 0.83984375 0.4203125 0.2046875
2 0.54453125 0.96640625 0.41796875 0.0625