2 0.19609375 0.36640625 0.1140625 0.09140625
0 0.10234375 0.3671875 0.2046875 0.4015625
2 0.34765625 0.378125 0.18046875 0.0734375
2 0.503125 0.4078125 0.121875 0.0765625
2 0.81796875 0.4265625 0.15390625 0.13359375
2 0.65078125 0.42734375 0.17890625 0.090625
2 0.94765625 0.4359375 0.1 0.10546875
2 0.43046875 0.446875 0.12890625 0.059375
2 0.90234375 0.55078125 0.19140625 0.115625
2 0.6875 0.871875 0.06484375 0.04453125
2 0.340625 0.88125 0.05 0.05703125
2 0.77109375 0.971875 0.03828125 0.04453125