1 0.49921875 0.4 0.99765625 0.24921875
2 0.66875 0.4390625 0.1734375 0.03359375
2 0.825 0.44140625 0.07734375 0.0390625
2 0.93984375 0.4609375 0.05625 0.05
2 0.51484375 0.4875 0.09296875 0.05859375
2 0.59453125 0.4921875 0.10546875 0.0734375
2 0.40625 0.49765625 0.1078125 0.04296875
2 0.8390625 0.4984375 0.071875 0.04140625
2 0.775 0.5 0.03828125 0.03359375
2 0.1890625 0.51015625 0.06953125 0.040625
2 0.10078125 0.5203125 0.07890625 0.04609375
2 0.540625 0.5609375 0.0859375 0.08046875
2 0.1296875 0.59765625 0.09140625 0.05390625
2 0.29453125 0.659375 0.23046875 0.05859375
2 0.5734375 0.8484375 0.434375 0.1859375
2 0.4046875 0.9859375 0.2625 0.02421875