1 0.49921875 0.43671875 0.9984375 0.19296875
2 0.21484375 0.46484375 0.1453125 0.09609375
2 0.3265625 0.4671875 0.08046875 0.06796875
2 0.04453125 0.48203125 0.0890625 0.078125
2 0.4515625 0.496875 0.1578125 0.059375
2 0.6734375 0.503125 0.0953125 0.05859375
2 0.5828125 0.509375 0.09296875 0.05
2 0.803125 0.5109375 0.15546875 0.04453125
2 0.946875 0.53671875 0.103125 0.0859375
2 0.26640625 0.58125 0.1515625 0.07109375
2 0.9703125 0.65859375 0.05546875 0.06875
1 0.22421875 0.69296875 0.446875 0.1390625