1 0.4984375 0.3859375 0.996875 0.184375
2 0.096875 0.44765625 0.19296875 0.06875
2 0.8734375 0.4546875 0.209375 0.0484375
2 0.47265625 0.45625 0.1078125 0.04609375
2 0.3046875 0.45859375 0.21640625 0.05546875
2 0.71875 0.45859375 0.10234375 0.0390625
2 0.571875 0.46640625 0.0734375 0.04140625
2 0.6421875 0.4703125 0.0578125 0.02890625
2 0.06328125 0.5078125 0.1265625 0.040625
2 0.803125 0.51640625 0.390625 0.0859375
2 0.54921875 0.5328125 0.06328125 0.0484375
2 0.4640625 0.584375 0.08828125 0.065625
2 0.5625 0.603125 0.06484375 0.05
2 0.0515625 0.6171875 0.0890625 0.0625
2 0.13046875 0.6328125 0.0625 0.034375
2 0.7453125 0.67578125 0.07890625 0.0484375