2 0.9296875 0.45078125 0.1359375 0.0625
2 0.81640625 0.45390625 0.08984375 0.05
2 0.70703125 0.4609375 0.1328125 0.05546875
2 0.56953125 0.46171875 0.14140625 0.0515625
2 0.4 0.47265625 0.10703125 0.04609375
2 0.24375 0.475 0.19453125 0.05859375
2 0.05390625 0.49453125 0.10703125 0.0640625
2 0.4953125 0.50625 0.21484375 0.0625
2 0.77578125 0.52734375 0.10078125 0.0484375
2 0.903125 0.58828125 0.1859375 0.059375
2 0.21328125 0.596875 0.08203125 0.06953125
2 0.50625 0.6640625 0.075 0.0390625
2 0.8546875 0.94453125 0.28671875 0.10703125