2 0.346875 0.24453125 0.0234375 0.0359375
2 0.26015625 0.3671875 0.06640625 0.03203125
2 0.72578125 0.38828125 0.2875 0.12109375
2 0.14453125 0.396875 0.0359375 0.03046875
2 0.42734375 0.39765625 0.05703125 0.034375
2 0.83671875 0.46484375 0.07734375 0.059375
0 0.51796875 0.5609375 0.18203125 0.578125
2 0.77421875 0.72421875 0.16875 0.0875
2 0.6 0.20234375 0.075 0.0515625
2 0.96953125 0.203125 0.0578125 0.059375
1 0.190625 0.21328125 0.12734375 0.04296875
2 0.42890625 0.215625 0.03984375 0.0359375