2 0.5484375 0.23984375 0.0453125 0.059375
2 0.06640625 0.2515625 0.02890625 0.0609375
2 0.4125 0.26796875 0.0328125 0.046875
2 0.596875 0.27421875 0.034375 0.040625
2 0.46875 0.2796875 0.05546875 0.065625
2 0.36015625 0.29453125 0.05 0.0640625
2 0.18828125 0.33515625 0.01796875 0.02109375
2 0.22109375 0.33828125 0.025 0.0234375
2 0.34140625 0.35546875 0.0484375 0.04453125
2 0.19140625 0.365625 0.02890625 0.0375
2 0.28125 0.371875 0.0359375 0.034375
2 0.65 0.57265625 0.35625 0.3734375
0 0.49296875 0.653125 0.2984375 0.4515625
2 0.06328125 0.66875 0.0640625 0.059375
2 0.2734375 0.734375 0.209375 0.165625
2 0.40625 0.928125 0.1453125 0.14296875