0 0.83359375 0.23046875 0.03828125 0.05546875
0 0.9203125 0.24375 0.03984375 0.034375
2 0.53984375 0.328125 0.23984375 0.0875
2 0.7828125 0.3671875 0.0625 0.034375
2 0.69375 0.36875 0.05078125 0.03203125
2 0.7421875 0.38984375 0.02734375 0.0265625
0 0.6234375 0.69375 0.47578125 0.3734375
2 0.39375 0.178125 0.07734375 0.0484375
2 0.23359375 0.184375 0.05234375 0.0234375
2 0.05859375 0.18671875 0.06640625 0.040625
2 0.284375 0.1875 0.0375 0.021875
0 0.540625 0.203125 0.0578125 0.0765625
0 0.45 0.215625 0.0484375 0.04296875