2 0.0453125 0.36640625 0.0890625 0.05703125
1 0.36796875 0.36875 0.17734375 0.065625
2 0.14140625 0.36875 0.09140625 0.078125
2 0.634375 0.41484375 0.0515625 0.0375
2 0.5375 0.43984375 0.075 0.0515625
2 0.621875 0.45546875 0.07421875 0.05
2 0.8234375 0.52578125 0.08671875 0.05234375
2 0.953125 0.6140625 0.0734375 0.05234375
2 0.71640625 0.71640625 0.06171875 0.04609375
2 0.41015625 0.8234375 0.08671875 0.06171875
2 0.78203125 0.84453125 0.03984375 0.05546875
2 0.38359375 0.87265625 0.0625 0.07578125
2 0.02890625 0.91171875 0.0578125 0.09765625
2 0.33671875 0.95078125 0.13125 0.09296875