1 0.1890625 0.26328125 0.0984375 0.0328125
2 0.6375 0.4046875 0.03828125 0.02109375
0 0.446875 0.40703125 0.109375 0.08203125
2 0.6421875 0.44140625 0.0546875 0.0328125
2 0.56328125 0.44609375 0.0546875 0.0390625
2 0.7578125 0.45234375 0.05625 0.04296875
2 0.72578125 0.5234375 0.04921875 0.03671875
2 0.1109375 0.53203125 0.17109375 0.12265625
2 0.59765625 0.5421875 0.04140625 0.0703125
2 0.4203125 0.54765625 0.11484375 0.0921875
2 0.65625 0.5484375 0.0625 0.06484375
2 0.5296875 0.55234375 0.0796875 0.065625
2 0.72265625 0.5765625 0.05859375 0.04453125
2 0.7828125 0.6484375 0.06171875 0.05546875
2 0.66875 0.65703125 0.046875 0.04453125
2 0.68828125 0.69609375 0.04140625 0.0375
2 0.12421875 0.95234375 0.10234375 0.09140625
1 0.60546875 0.19296875 0.09375 0.0375