1 0.16953125 0.2453125 0.08671875 0.040625
1 0.4265625 0.29296875 0.08828125 0.0390625
0 0.515625 0.3171875 0.13359375 0.10390625
2 0.7609375 0.34140625 0.0625 0.03828125
1 0.175 0.346875 0.13359375 0.03828125
1 0.35234375 0.38984375 0.16640625 0.05546875
2 0.51015625 0.403125 0.096875 0.05078125
2 0.63671875 0.40546875 0.12421875 0.05
2 0.03046875 0.45 0.03515625 0.04765625
2 0.81640625 0.4609375 0.15625 0.084375
2 0.94453125 0.47421875 0.10703125 0.08203125
1 0.9578125 0.1125 0.0796875 0.0421875
1 0.46953125 0.1671875 0.109375 0.03125
1 0.84765625 0.20859375 0.10234375 0.02890625