2 0.19296875 0.4640625 0.08359375 0.0671875
2 0.7765625 0.475 0.08359375 0.05234375
2 0.30234375 0.47890625 0.10625 0.0640625
2 0.11484375 0.49296875 0.0375 0.0359375
1 0.846875 0.51796875 0.29453125 0.0375
0 0.1046875 0.5359375 0.20859375 0.15390625
1 0.90234375 0.57890625 0.12265625 0.0546875
1 0.553125 0.584375 0.159375 0.05703125
1 0.90703125 0.69765625 0.18125 0.0578125
2 0.09375 0.72109375 0.03515625 0.0390625
2 0.13046875 0.7890625 0.0515625 0.04921875
0 0.515625 0.815625 0.35859375 0.3640625