2 0.97734375 0.3140625 0.0421875 0.034375
2 0.52578125 0.04296875 0.02734375 0.02421875
1 0.46328125 0.04375 0.03203125 0.02578125
2 0.92421875 0.0734375 0.04453125 0.028125
2 0.72421875 0.8453125 0.040625 0.03359375
2 0.84609375 0.85546875 0.0421875 0.0421875
2 0.7703125 0.86875 0.040625 0.0390625
2 0.81015625 0.91484375 0.04609375 0.0390625
2 0.66640625 0.92734375 0.0390625 0.03125
2 0.96484375 0.0953125 0.02421875 0.0328125
2 0.8421875 0.1125 0.03046875 0.0265625
2 0.4234375 0.11640625 0.053125 0.02578125
2 0.36328125 0.1484375 0.034375 0.02109375
2 0.95546875 0.1890625 0.084375 0.06640625