1 0.53671875 0.2375 0.340625 0.03828125
1 0.95234375 0.25 0.09140625 0.0796875
1 0.06171875 0.26484375 0.11796875 0.03046875
1 0.4875 0.3015625 0.15390625 0.03203125
1 0.6671875 0.3046875 0.18203125 0.03203125
1 0.421875 0.35546875 0.10234375 0.0375
1 0.0828125 0.3671875 0.159375 0.053125
1 0.24609375 0.53671875 0.2921875 0.04375
0 0.70234375 0.54765625 0.465625 0.26484375
2 0.0515625 0.5734375 0.10234375 0.1703125
2 0.31484375 0.584375 0.12265625 0.0921875
2 0.7921875 0.7265625 0.07578125 0.0625