1 0.11015625 0.5328125 0.21484375 0.07890625
2 0.3421875 0.54140625 0.1375 0.071875
2 0.9390625 0.57421875 0.075 0.0609375
2 0.88359375 0.67421875 0.15 0.1
2 0.59296875 0.74921875 0.09296875 0.06015625
2 0.46953125 0.8265625 0.0609375 0.03203125
2 0.396875 0.82890625 0.0578125 0.04921875
2 0.64375 0.84140625 0.08125 0.0453125
2 0.8953125 0.859375 0.1203125 0.06953125
2 0.2265625 0.86015625 0.1203125 0.075
2 0.48515625 0.871875 0.071875 0.05078125
2 0.08203125 0.89453125 0.1640625 0.1578125
2 0.515625 0.95703125 0.0796875 0.05859375