1 0.35703125 0.3921875 0.1703125 0.0796875
2 0.02265625 0.44375 0.04375 0.04140625
2 0.528125 0.4796875 0.03203125 0.040625
2 0.29140625 0.5921875 0.06875 0.08046875
2 0.43203125 0.61328125 0.0546875 0.05078125
2 0.21484375 0.69609375 0.125 0.134375
2 0.5859375 0.7046875 0.07109375 0.05546875
2 0.3125 0.71640625 0.05859375 0.06875
2 0.678125 0.71875 0.06640625 0.05078125
2 0.39375 0.72890625 0.07421875 0.07890625
2 0.46796875 0.7375 0.0453125 0.05546875
2 0.56015625 0.7671875 0.125 0.0546875
2 0.53828125 0.86328125 0.1375 0.1140625
2 0.1796875 0.88125 0.11484375 0.06484375
2 0.14375 0.965625 0.15703125 0.0515625