2 0.84921875 0.36171875 0.11640625 0.06328125
1 0.84609375 0.45234375 0.2 0.07890625
2 0.38203125 0.5203125 0.06796875 0.05859375
1 0.09453125 0.521875 0.18359375 0.07265625
2 0.6953125 0.55078125 0.04296875 0.05390625
2 0.459375 0.5515625 0.09765625 0.0609375
2 0.63203125 0.5609375 0.04609375 0.0390625
2 0.71328125 0.6140625 0.04765625 0.046875
2 0.48515625 0.70703125 0.07578125 0.0765625
2 0.81015625 0.7828125 0.27265625 0.19453125
2 0.04453125 0.87578125 0.0890625 0.1078125
2 0.19296875 0.96640625 0.1640625 0.0625