0 0.3484375 0.36640625 0.13828125 0.0890625
2 0.5546875 0.4109375 0.09453125 0.04140625
2 0.47265625 0.41484375 0.0515625 0.053125
2 0.1265625 0.478125 0.253125 0.15078125
2 0.35078125 0.48203125 0.1375 0.07421875
2 0.2078125 0.51953125 0.07421875 0.0609375
2 0.3140625 0.56875 0.12109375 0.05859375
2 0.571875 0.5703125 0.18046875 0.04375
2 0.90625 0.59375 0.17890625 0.28515625
2 0.3484375 0.6265625 0.12578125 0.0765625
2 0.6546875 0.6546875 0.07578125 0.059375
2 0.51328125 0.67265625 0.128125 0.10390625
2 0.37109375 0.709375 0.08671875 0.06015625
2 0.89453125 0.8015625 0.09375 0.05546875
2 0.359375 0.82109375 0.103125 0.09453125
2 0.0796875 0.8828125 0.08828125 0.08828125