1 0.6171875 0.4875 0.1375 0.053125
2 0.6359375 0.5359375 0.16875 0.0875
2 0.45703125 0.55078125 0.128125 0.0578125
2 0.16875 0.5640625 0.15859375 0.0703125
2 0.803125 0.5828125 0.1421875 0.06171875
2 0.3859375 0.59453125 0.1140625 0.0625
2 0.57890625 0.59921875 0.06015625 0.03203125
2 0.7171875 0.621875 0.065625 0.04453125
2 0.58359375 0.64921875 0.11015625 0.0453125
2 0.75078125 0.67265625 0.06171875 0.03359375
1 0.2609375 0.72578125 0.29296875 0.09765625
1 0.6453125 0.82109375 0.18046875 0.075
2 0.76953125 0.94375 0.3140625 0.109375
2 0.96875 0.9765625 0.0578125 0.0421875