1 0.23359375 0.49765625 0.13828125 0.02890625
2 0.2546875 0.540625 0.18203125 0.0859375
2 0.06484375 0.56171875 0.1203125 0.05
2 0.1984375 0.60234375 0.0671875 0.03671875
2 0.02734375 0.61484375 0.0546875 0.053125
2 0.325 0.61953125 0.084375 0.040625
2 0.86796875 0.64296875 0.05546875 0.03828125
2 0.19609375 0.65625 0.07734375 0.0640625
2 0.34296875 0.66796875 0.03828125 0.03671875
1 0.31796875 0.74609375 0.19765625 0.0734375
1 0.23046875 0.83203125 0.18359375 0.06328125
2 0.3078125 0.9390625 0.28203125 0.11796875
2 0.515625 0.953125 0.10234375 0.0890625