1 0.79921875 0.5703125 0.39765625 0.06015625
1 0.15234375 0.5890625 0.11640625 0.03359375
1 0.53671875 0.6125 0.09375 0.05
1 0.4203125 0.61484375 0.21640625 0.078125
2 0.628125 0.6640625 0.04609375 0.0375
1 0.7796875 0.7125 0.11953125 0.053125
1 0.44921875 0.7609375 0.1640625 0.05703125
1 0.871875 0.76328125 0.1734375 0.0828125
1 0.103125 0.76875 0.20625 0.16328125
1 0.37734375 0.84609375 0.125 0.059375
2 0.2765625 0.91015625 0.0328125 0.025
2 0.16640625 0.91171875 0.053125 0.06015625
2 0.24296875 0.93203125 0.03125 0.03359375
2 0.4265625 0.96015625 0.24453125 0.07578125