2 0.80390625 0.56015625 0.0796875 0.04453125
2 0.4640625 0.61015625 0.0453125 0.04609375
2 0.696875 0.61640625 0.0390625 0.02734375
1 0.9140625 0.63671875 0.07265625 0.03203125
2 0.659375 0.66953125 0.06015625 0.03671875
1 0.06796875 0.684375 0.1359375 0.078125
1 0.74609375 0.6890625 0.0984375 0.0390625
1 0.89609375 0.7234375 0.1390625 0.07734375
1 0.63046875 0.72890625 0.1296875 0.053125
1 0.5796875 0.83984375 0.14375 0.06953125
1 0.11875 0.87890625 0.13359375 0.07578125
2 0.9734375 0.9 0.05 0.0625
1 0.29765625 0.9203125 0.09140625 0.065625
1 0.1609375 0.96015625 0.13046875 0.0625