2 0.3640625 0.4859375 0.0421875 0.03046875
2 0.43203125 0.48828125 0.04453125 0.02421875
1 0.8921875 0.53125 0.1765625 0.05625
1 0.41875 0.5515625 0.11640625 0.03984375
1 0.56171875 0.58125 0.23515625 0.040625
1 0.2734375 0.6734375 0.21796875 0.08671875
1 0.18828125 0.6875 0.09453125 0.03359375
1 0.53984375 0.6921875 0.16015625 0.0625
1 0.925 0.69375 0.125 0.0703125
1 0.759375 0.72578125 0.12734375 0.0671875
1 0.60078125 0.77734375 0.11171875 0.05234375
1 0.29375 0.81484375 0.09296875 0.06171875
1 0.85546875 0.90390625 0.22109375 0.128125