2 0.85625 0.4546875 0.0390625 0.0296875
2 0.77109375 0.475 0.04375 0.028125
2 0.8140625 0.49296875 0.0421875 0.03671875
2 0.72421875 0.50390625 0.0546875 0.04921875
2 0.875 0.51171875 0.05390625 0.034375
1 0.63125 0.5125 0.128125 0.0578125
2 0.92265625 0.521875 0.0515625 0.03046875
2 0.6640625 0.72421875 0.0578125 0.0296875
2 0.53046875 0.76875 0.03203125 0.03671875
2 0.23203125 0.80703125 0.05546875 0.03671875
2 0.04765625 0.84140625 0.0953125 0.10859375
2 0.8640625 0.928125 0.16875 0.13984375
2 0.16953125 0.9421875 0.07109375 0.0515625
2 0.58984375 0.97109375 0.1 0.053125