2 0.7515625 0.42109375 0.1265625 0.0625
2 0.66484375 0.4265625 0.06171875 0.02265625
2 0.85546875 0.44140625 0.0390625 0.0296875
2 0.95859375 0.4546875 0.078125 0.0421875
2 0.515625 0.484375 0.03515625 0.03671875
2 0.72734375 0.49140625 0.040625 0.03984375
2 0.571875 0.49375 0.0390625 0.03359375
2 0.88828125 0.509375 0.12265625 0.0421875
2 0.6234375 0.52109375 0.053125 0.03828125
2 0.46796875 0.5234375 0.040625 0.0515625
2 0.690625 0.53203125 0.071875 0.03515625
2 0.85703125 0.6359375 0.06875 0.0515625
2 0.93359375 0.67109375 0.04921875 0.05
2 0.42265625 0.74453125 0.06875 0.04375
2 0.2859375 0.78828125 0.04609375 0.040625
2 0.28125 0.85390625 0.03359375 0.0390625
2 0.92265625 0.8703125 0.11875 0.0578125
2 0.61015625 0.92578125 0.1796875 0.14453125
2 0.33125 0.97578125 0.10234375 0.04453125