2 0.83359375 0.47265625 0.07890625 0.03828125
2 0.96953125 0.48984375 0.05859375 0.03515625
2 0.9078125 0.4921875 0.04453125 0.03515625
2 0.7296875 0.4984375 0.140625 0.0421875
2 0.88359375 0.5203125 0.10390625 0.02734375
2 0.0453125 0.53671875 0.090625 0.03984375
2 0.78515625 0.53671875 0.078125 0.0359375
2 0.14296875 0.5375 0.17421875 0.06875
2 0.859375 0.54765625 0.0640625 0.03046875
2 0.9578125 0.55625 0.0453125 0.03671875
2 0.5875 0.559375 0.109375 0.05390625
2 0.1703125 0.58125 0.06484375 0.04296875
2 0.90546875 0.62265625 0.14140625 0.0640625
2 0.7984375 0.653125 0.040625 0.04140625
2 0.0328125 0.65859375 0.065625 0.0390625
2 0.328125 0.6765625 0.06796875 0.053125
2 0.371875 0.72421875 0.05703125 0.0375
2 0.18828125 0.734375 0.18515625 0.14375
2 0.3015625 0.7375 0.046875 0.04921875
2 0.7125 0.7875 0.05546875 0.03203125
2 0.92421875 0.7921875 0.065625 0.0390625
2 0.05390625 0.821875 0.04609375 0.0421875
2 0.6890625 0.8328125 0.121875 0.05703125
2 0.4890625 0.88046875 0.08046875 0.0484375
2 0.0828125 0.91171875 0.07265625 0.04453125
2 0.23125 0.9546875 0.07734375 0.05390625