2 0.4609375 0.46875 0.08984375 0.0375
2 0.3484375 0.48046875 0.1359375 0.0390625
2 0.5875 0.490625 0.06796875 0.046875
2 0.71953125 0.49375 0.0390625 0.03671875
2 0.946875 0.49453125 0.10234375 0.0375
2 0.41171875 0.51796875 0.08203125 0.0390625
2 0.4984375 0.521875 0.0828125 0.05546875
2 0.77421875 0.5296875 0.08359375 0.0609375
2 0.60078125 0.53359375 0.11796875 0.0484375
2 0.2078125 0.55390625 0.1515625 0.04921875
2 0.54296875 0.61015625 0.1640625 0.090625
2 0.40546875 0.64375 0.04375 0.05234375
2 0.059375 0.76328125 0.053125 0.053125
2 0.51796875 0.76953125 0.04765625 0.04453125
2 0.3265625 0.7703125 0.053125 0.03828125
2 0.29375 0.8171875 0.1046875 0.07421875
2 0.09140625 0.88828125 0.096875 0.0390625