2 0.821875 0.45859375 0.10703125 0.034375
2 0.1921875 0.46484375 0.06640625 0.0453125
2 0.5046875 0.4734375 0.29453125 0.06171875
2 0.32109375 0.48203125 0.05625 0.0328125
2 0.678125 0.4828125 0.04453125 0.034375
2 0.08671875 0.48828125 0.14453125 0.06953125
2 0.9 0.5140625 0.06015625 0.04921875
2 0.2734375 0.5328125 0.20234375 0.06640625
2 0.51328125 0.5328125 0.08203125 0.05234375
2 0.97421875 0.53984375 0.046875 0.04921875
2 0.24921875 0.6234375 0.1421875 0.07734375
2 0.3328125 0.6296875 0.08515625 0.0640625
2 0.140625 0.64921875 0.06796875 0.05
2 0.24140625 0.78046875 0.0703125 0.0484375
2 0.02578125 0.80703125 0.05078125 0.0578125
2 0.6890625 0.928125 0.1640625 0.13984375