2 0.74453125 0.4421875 0.090625 0.04140625
2 0.95625 0.44453125 0.06484375 0.03671875
2 0.30234375 0.45234375 0.10625 0.0515625
2 0.5328125 0.453125 0.08671875 0.04140625
2 0.8828125 0.465625 0.0640625 0.03359375
2 0.02578125 0.47109375 0.05078125 0.0359375
2 0.390625 0.4734375 0.07421875 0.03984375
2 0.1609375 0.475 0.05625 0.03984375
2 0.7671875 0.5 0.0640625 0.04140625
2 0.8875 0.50234375 0.0484375 0.0375
2 0.21015625 0.509375 0.07578125 0.04453125
2 0.68125 0.51015625 0.103125 0.065625
2 0.05546875 0.52578125 0.053125 0.0453125
2 0.840625 0.55859375 0.0578125 0.05
2 0.8 0.62734375 0.0625 0.04921875
2 0.02734375 0.6296875 0.0546875 0.078125
2 0.67109375 0.68046875 0.07265625 0.05078125
2 0.390625 0.89296875 0.15390625 0.12265625
2 0.715625 0.978125 0.146875 0.03984375