2 0.3109375 0.48125 0.03828125 0.02890625
2 0.13515625 0.50078125 0.059375 0.0453125
2 0.634375 0.50234375 0.075 0.05546875
2 0.20625 0.51640625 0.08359375 0.04140625
2 0.32421875 0.5171875 0.05390625 0.0375
2 0.7765625 0.51953125 0.07109375 0.04921875
2 0.04765625 0.521875 0.0953125 0.0578125
2 0.5921875 0.57421875 0.09453125 0.0515625
2 0.89765625 0.58125 0.05625 0.0546875
2 0.6859375 0.61875 0.0828125 0.0390625
2 0.80546875 0.6421875 0.10078125 0.04453125
2 0.17578125 0.675 0.059375 0.0296875
2 0.92421875 0.68203125 0.07734375 0.05390625
2 0.7296875 0.6875 0.0734375 0.0390625
2 0.5546875 0.703125 0.09453125 0.04140625
2 0.4421875 0.71328125 0.0859375 0.075
2 0.89609375 0.72890625 0.08203125 0.046875
2 0.971875 0.7359375 0.05078125 0.07578125
2 0.60859375 0.7671875 0.06953125 0.0390625
2 0.47265625 0.7890625 0.07109375 0.04296875
2 0.38125 0.7953125 0.09296875 0.06796875
2 0.0890625 0.825 0.0796875 0.05078125
2 0.8671875 0.8296875 0.09296875 0.0515625
2 0.24375 0.8328125 0.06015625 0.053125
2 0.54375 0.85859375 0.09453125 0.04921875
2 0.43203125 0.87578125 0.090625 0.05703125
2 0.5796875 0.92109375 0.0828125 0.046875
2 0.33984375 0.940625 0.10390625 0.071875