2 0.55625 0.6046875 0.0578125 0.02734375
2 0.825 0.653125 0.06953125 0.08046875
2 0.6421875 0.653125 0.065625 0.04140625
2 0.7484375 0.7125 0.0421875 0.0390625
2 0.5375 0.715625 0.06875 0.03515625
2 0.79921875 0.74296875 0.05 0.06015625
2 0.6671875 0.74453125 0.07734375 0.04609375
2 0.47890625 0.7640625 0.065625 0.0328125
2 0.21484375 0.7921875 0.05078125 0.05
2 0.3 0.79453125 0.09921875 0.04765625
2 0.725 0.80625 0.06171875 0.05625
2 0.63359375 0.80703125 0.07109375 0.05
2 0.88046875 0.815625 0.0546875 0.06015625
2 0.1734375 0.84296875 0.0890625 0.06015625
2 0.46796875 0.84375 0.0515625 0.03984375
2 0.34609375 0.8546875 0.075 0.0515625
2 0.20390625 0.88984375 0.06015625 0.040625
2 0.2140625 0.925 0.0640625 0.03359375
2 0.090625 0.9265625 0.0921875 0.05625
2 0.83671875 0.93671875 0.31796875 0.121875
2 0.2875 0.9671875 0.10234375 0.0375
2 0.15859375 0.97578125 0.1046875 0.04453125