2 0.09453125 0.5578125 0.0609375 0.065625
2 0.24453125 0.5703125 0.0734375 0.0578125
2 0.68515625 0.6140625 0.053125 0.0375
2 0.51015625 0.61953125 0.090625 0.0734375
2 0.76484375 0.628125 0.06171875 0.0546875
2 0.34765625 0.63125 0.0734375 0.0484375
2 0.89140625 0.64296875 0.196875 0.09765625
2 0.02421875 0.6453125 0.0484375 0.075
2 0.6671875 0.66796875 0.0734375 0.04609375
2 0.13828125 0.675 0.08515625 0.0453125
2 0.2203125 0.6921875 0.1015625 0.0578125
2 0.49296875 0.71796875 0.07578125 0.04453125
2 0.15546875 0.75625 0.08984375 0.059375
2 0.3 0.7734375 0.0625 0.05703125
2 0.54140625 0.77421875 0.0765625 0.04765625
2 0.4046875 0.775 0.075 0.059375
2 0.0296875 0.84765625 0.059375 0.0515625
2 0.9609375 0.86875 0.0734375 0.04921875
2 0.2546875 0.8734375 0.0609375 0.0546875
2 0.6734375 0.878125 0.0765625 0.04609375
2 0.4890625 0.903125 0.2890625 0.09921875
2 0.58203125 0.971875 0.10234375 0.05078125