2 0.07265625 0.50703125 0.05 0.04453125
2 0.17265625 0.55 0.0484375 0.0296875
2 0.0328125 0.56796875 0.065625 0.0359375
2 0.13984375 0.584375 0.04140625 0.02890625
2 0.2078125 0.60390625 0.05390625 0.0453125
2 0.36171875 0.63515625 0.28046875 0.13359375
2 0.1875 0.63515625 0.05 0.0453125
2 0.09609375 0.6484375 0.0625 0.0578125
2 0.64140625 0.6640625 0.10703125 0.0828125
2 0.54375 0.70703125 0.096875 0.0859375
2 0.73125 0.728125 0.0765625 0.0546875
2 0.94765625 0.73359375 0.1 0.07578125
2 0.78203125 0.75078125 0.071875 0.03125
2 0.5625 0.7703125 0.0625 0.04375
2 0.41484375 0.790625 0.07265625 0.034375
2 0.690625 0.8078125 0.0640625 0.03984375
2 0.590625 0.82265625 0.07734375 0.04375
2 0.34453125 0.834375 0.06015625 0.0453125
2 0.48515625 0.84609375 0.053125 0.0515625
2 0.04296875 0.8625 0.08046875 0.06484375
2 0.4015625 0.91640625 0.06640625 0.07578125