2 0.66171875 0.55 0.06796875 0.04765625
2 0.9421875 0.5625 0.05546875 0.0421875
2 0.25078125 0.57265625 0.046875 0.05234375
2 0.590625 0.5828125 0.0546875 0.065625
2 0.78359375 0.5859375 0.05703125 0.0421875
2 0.21015625 0.61484375 0.1671875 0.07265625
2 0.52734375 0.65546875 0.11875 0.0546875
2 0.1203125 0.65546875 0.1234375 0.08515625
2 0.36015625 0.66875 0.13046875 0.05
2 0.16015625 0.76171875 0.0515625 0.05546875
2 0.0296875 0.8015625 0.059375 0.053125
2 0.70234375 0.903125 0.18359375 0.1015625
2 0.43515625 0.975 0.0515625 0.04296875