2 0.20234375 0.52109375 0.0671875 0.03671875
2 0.04375 0.66484375 0.08671875 0.06015625
2 0.390625 0.67890625 0.06640625 0.0375
2 0.28125 0.68046875 0.12734375 0.05078125
2 0.1828125 0.69453125 0.08359375 0.04765625
2 0.9109375 0.696875 0.0734375 0.034375
2 0.86328125 0.7390625 0.07734375 0.04921875
2 0.5078125 0.74453125 0.06640625 0.03828125
2 0.3203125 0.75703125 0.10859375 0.06015625
2 0.75859375 0.76640625 0.15859375 0.09921875
2 0.25078125 0.8046875 0.07109375 0.06015625
2 0.7203125 0.80546875 0.04921875 0.034375
2 0.15390625 0.8125 0.08046875 0.03671875
2 0.6234375 0.81484375 0.0703125 0.0703125
2 0.5109375 0.82109375 0.05703125 0.053125
0 0.8734375 0.8390625 0.24921875 0.31796875
2 0.640625 0.89375 0.08515625 0.05546875
2 0.2625 0.9140625 0.33984375 0.1578125
2 0.0546875 0.93125 0.06875 0.07109375
2 0.54375 0.95546875 0.13828125 0.08828125