1 0.759375 0.5671875 0.2046875 0.09140625
1 0.534375 0.61328125 0.37265625 0.1015625
1 0.91328125 0.66796875 0.0921875 0.0484375
1 0.3 0.67109375 0.159375 0.06015625
1 0.6234375 0.6765625 0.07421875 0.0375
1 0.65703125 0.690625 0.13046875 0.04453125
1 0.1921875 0.7046875 0.10546875 0.04921875
1 0.578125 0.76484375 0.10703125 0.04296875
1 0.17890625 0.784375 0.1109375 0.0375
1 0.2453125 0.78671875 0.078125 0.05859375
2 0.7234375 0.79375 0.09453125 0.04453125
1 0.375 0.79609375 0.1078125 0.0546875
1 0.159375 0.83046875 0.0828125 0.0453125
1 0.53203125 0.8703125 0.09609375 0.06953125