1 0.64765625 0.4296875 0.1875 0.07265625
1 0.86875 0.45234375 0.07890625 0.0375
1 0.7828125 0.46015625 0.06640625 0.03046875
1 0.58203125 0.46640625 0.103125 0.03125
1 0.4875 0.48984375 0.0375 0.03203125
1 0.80234375 0.53359375 0.30234375 0.0859375
1 0.94921875 0.59375 0.07734375 0.04296875
1 0.246875 0.5953125 0.18359375 0.09765625
1 0.46328125 0.61796875 0.06640625 0.03828125
1 0.0828125 0.646875 0.165625 0.134375
1 0.3890625 0.6484375 0.08203125 0.04921875
1 0.67890625 0.79609375 0.07578125 0.05
1 0.2234375 0.80703125 0.10703125 0.075
1 0.54453125 0.8125 0.090625 0.06875
1 0.065625 0.82578125 0.1265625 0.06796875
1 0.03515625 0.92421875 0.06953125 0.06640625