1 0.76953125 0.23515625 0.09140625 0.04921875
1 0.6625 0.2578125 0.1375 0.0671875
1 0.90546875 0.28671875 0.18828125 0.09375
1 0.3921875 0.29296875 0.196875 0.09609375
1 0.55390625 0.30078125 0.06015625 0.03984375
1 0.165625 0.3453125 0.33125 0.13125
1 0.6015625 0.34765625 0.059375 0.046875
1 0.53046875 0.365625 0.09140625 0.05390625
1 0.065625 0.42734375 0.06015625 0.03515625
1 0.2046875 0.5 0.0921875 0.071875
1 0.35546875 0.51015625 0.0953125 0.05390625
1 0.8109375 0.53359375 0.0734375 0.05078125
1 0.6734375 0.54921875 0.0875 0.06953125
1 0.1734375 0.5890625 0.15390625 0.0515625
1 0.30859375 0.6 0.0796875 0.04765625
1 0.47265625 0.62890625 0.19375 0.10546875
2 0.11875 0.69140625 0.08671875 0.0609375
1 0.04453125 0.84921875 0.0890625 0.0984375
1 0.71875 0.91328125 0.1828125 0.1390625
1 0.83359375 0.15390625 0.21484375 0.04453125
1 0.6328125 0.21640625 0.0515625 0.0296875