1 0.38984375 0.22578125 0.084375 0.05078125
1 0.77734375 0.28515625 0.09140625 0.0484375
1 0.4453125 0.3 0.10078125 0.05625
1 0.56015625 0.30859375 0.08046875 0.053125
1 0.94140625 0.30859375 0.11171875 0.05859375
1 0.38125 0.334375 0.07734375 0.04609375
1 0.73359375 0.36796875 0.11015625 0.06640625
1 0.859375 0.40546875 0.053125 0.04140625
1 0.34296875 0.43515625 0.29921875 0.13828125
2 0.68359375 0.46953125 0.04765625 0.04453125
1 0.240625 0.4859375 0.0625 0.0421875
1 0.50859375 0.51640625 0.07578125 0.04375
1 0.46015625 0.56328125 0.1078125 0.06015625
1 0.55625 0.575 0.0734375 0.07265625
1 0.33359375 0.646875 0.1140625 0.06796875
1 0.553125 0.728125 0.03984375 0.04296875
1 0.5734375 0.825 0.05625 0.02578125
1 0.55625 0.8484375 0.07109375 0.0328125
1 0.93203125 0.8546875 0.13125 0.11328125
1 0.54296875 0.88828125 0.06015625 0.04140625
1 0.815625 0.92109375 0.11875 0.10234375
1 0.440625 0.92421875 0.07265625 0.05703125
1 0.55234375 0.93671875 0.084375 0.04921875
1 0.8109375 0.11640625 0.3734375 0.10859375
1 0.4609375 0.1765625 0.2421875 0.1046875
1 0.21953125 0.19609375 0.2328125 0.08203125