1 0.16484375 0.26171875 0.3296875 0.0765625
1 0.26640625 0.346875 0.40234375 0.1125
1 0.3296875 0.45234375 0.1234375 0.04609375
1 0.1140625 0.50546875 0.09609375 0.0390625
1 0.22421875 0.50625 0.0578125 0.0375
1 0.48203125 0.50703125 0.09296875 0.04375
1 0.65234375 0.5328125 0.1140625 0.0734375
1 0.315625 0.5375 0.06171875 0.04140625
1 0.071875 0.54296875 0.071875 0.03359375
1 0.83046875 0.55546875 0.1140625 0.0734375
1 0.165625 0.56953125 0.10703125 0.05234375
1 0.51015625 0.6046875 0.32890625 0.12734375
2 0.20234375 0.68984375 0.06328125 0.0484375
2 0.12578125 0.71640625 0.07890625 0.03984375
1 0.53984375 0.86953125 0.3171875 0.17421875