1 0.43984375 0.4984375 0.29921875 0.065625
1 0.29609375 0.5421875 0.1015625 0.04140625
1 0.51328125 0.578125 0.425 0.08671875
1 0.53984375 0.6859375 0.121875 0.06328125
1 0.31171875 0.72578125 0.05625 0.04765625
1 0.42421875 0.728125 0.06796875 0.0421875
1 0.5671875 0.73359375 0.078125 0.03515625
1 0.7078125 0.75 0.096875 0.046875
1 0.53359375 0.7765625 0.059375 0.04921875
1 0.86953125 0.78359375 0.14296875 0.075
1 0.3546875 0.79765625 0.09765625 0.0921875
1 0.73046875 0.8796875 0.2984375 0.1171875
2 0.3140625 0.94609375 0.0765625 0.05