1 0.08671875 0.42421875 0.1734375 0.08359375
1 0.29921875 0.5046875 0.21796875 0.0609375
1 0.06484375 0.559375 0.128125 0.05390625
1 0.08671875 0.6015625 0.1171875 0.0546875
1 0.2265625 0.6078125 0.10390625 0.04609375
1 0.41953125 0.63046875 0.14296875 0.05234375
1 0.5640625 0.64140625 0.14140625 0.04609375
1 0.51484375 0.6984375 0.0984375 0.05
1 0.27890625 0.7234375 0.29453125 0.121875
1 0.4921875 0.74765625 0.06640625 0.0453125
2 0.47890625 0.90078125 0.1109375 0.075
1 0.2453125 0.95234375 0.2734375 0.09140625