1 0.95234375 0.584375 0.08515625 0.0375
1 0.6890625 0.59609375 0.19296875 0.06640625
1 0.475 0.59765625 0.15859375 0.06953125
1 0.85703125 0.68828125 0.0765625 0.03984375
1 0.7421875 0.69765625 0.0828125 0.04765625
1 0.21328125 0.73203125 0.203125 0.0828125
1 0.309375 0.77265625 0.24921875 0.090625
1 0.7703125 0.78984375 0.08359375 0.053125
1 0.940625 0.790625 0.08984375 0.06171875
1 0.09453125 0.84140625 0.084375 0.05703125
1 0.32734375 0.92265625 0.21953125 0.1421875
1 0.6125 0.94296875 0.33125 0.10859375