1 0.11484375 0.4875 0.15 0.0609375
1 0.57265625 0.515625 0.28828125 0.071875
1 0.284375 0.515625 0.17734375 0.05625
1 0.17734375 0.5671875 0.10234375 0.0640625
1 0.0890625 0.60546875 0.115625 0.046875
1 0.60546875 0.6265625 0.30859375 0.13828125
1 0.36796875 0.62890625 0.2125 0.059375
1 0.16171875 0.68359375 0.10390625 0.0640625
1 0.8546875 0.6859375 0.28671875 0.14921875
1 0.078125 0.73125 0.15625 0.109375
1 0.29609375 0.80390625 0.27890625 0.13203125
1 0.91796875 0.87734375 0.1609375 0.1296875
1 0.47734375 0.87890625 0.2359375 0.121875