1 0.140625 0.54296875 0.16953125 0.0375
1 0.4609375 0.59765625 0.11484375 0.02578125
1 0.0890625 0.61796875 0.10234375 0.0375
1 0.43125 0.61875 0.06171875 0.02890625
1 0.76328125 0.621875 0.090625 0.0359375
1 0.90078125 0.62421875 0.19296875 0.04453125
1 0.21953125 0.6453125 0.3296875 0.08828125
1 0.68203125 0.70859375 0.63125 0.1421875
1 0.22421875 0.77421875 0.084375 0.03828125
1 0.40703125 0.775 0.0703125 0.03046875
1 0.6 0.86953125 0.303125 0.0921875
1 0.1109375 0.92578125 0.221875 0.14453125
1 0.6875 0.9609375 0.31328125 0.0734375