1 0.32890625 0.5125 0.0625 0.0296875
1 0.35859375 0.54921875 0.121875 0.04765625
1 0.12578125 0.571875 0.175 0.06796875
1 0.471875 0.57578125 0.06953125 0.03828125
1 0.68515625 0.6171875 0.0671875 0.0453125
1 0.853125 0.62734375 0.06796875 0.03671875
1 0.578125 0.6890625 0.0734375 0.06328125
1 0.9640625 0.70546875 0.04375 0.046875
1 0.1125 0.70859375 0.225 0.12421875
1 0.765625 0.7296875 0.4640625 0.3265625
1 0.3015625 0.81328125 0.24921875 0.11484375
1 0.81796875 0.86484375 0.084375 0.0546875
1 0.1078125 0.8921875 0.08203125 0.05
1 0.35546875 0.93125 0.1171875 0.05390625
1 0.696875 0.94921875 0.0625 0.05625