1 0.6109375 0.534375 0.18203125 0.03828125
1 0.9421875 0.5734375 0.1109375 0.053125
1 0.27265625 0.584375 0.13984375 0.04765625
1 0.140625 0.640625 0.18046875 0.06796875
2 0.56953125 0.67421875 0.04609375 0.02578125
1 0.22265625 0.69765625 0.096875 0.05390625
2 0.59140625 0.7265625 0.0515625 0.0390625
1 0.0828125 0.7265625 0.1140625 0.06015625
2 0.859375 0.73125 0.0484375 0.0421875
2 0.75234375 0.73359375 0.0484375 0.04140625
1 0.24921875 0.7484375 0.125 0.046875
1 0.07578125 0.78984375 0.15078125 0.06796875