1 0.22421875 0.58125 0.4484375 0.1390625
1 0.18359375 0.66875 0.08515625 0.04453125
1 0.71484375 0.7046875 0.04765625 0.025
1 0.43359375 0.709375 0.20234375 0.0671875
1 0.65703125 0.71015625 0.03828125 0.02421875
1 0.59765625 0.72578125 0.040625 0.03515625
1 0.65703125 0.7375 0.04453125 0.0296875
1 0.52890625 0.7515625 0.04453125 0.0296875
1 0.590625 0.7578125 0.0515625 0.03828125
1 0.42734375 0.78828125 0.0546875 0.0328125
1 0.5359375 0.7921875 0.0375 0.025
1 0.390625 0.84375 0.07421875 0.05
1 0.9640625 0.87109375 0.07109375 0.0421875
1 0.7234375 0.91875 0.07265625 0.0515625