2 0.71484375 0.415625 0.05234375 0.03125
2 0.896875 0.45078125 0.0609375 0.03203125
1 0.3375 0.453125 0.0921875 0.03359375
1 0.49609375 0.465625 0.16484375 0.0515625
1 0.6625 0.5046875 0.2578125 0.08984375
2 0.72109375 0.5703125 0.084375 0.0234375
1 0.69296875 0.590625 0.0640625 0.0296875
1 0.64296875 0.61875 0.0671875 0.04609375
1 0.33046875 0.6828125 0.340625 0.14765625
2 0.02421875 0.696875 0.0484375 0.059375
2 0.0953125 0.72890625 0.03203125 0.0390625
2 0.14453125 0.73515625 0.03984375 0.04375
2 0.19765625 0.76171875 0.05 0.03125
1 0.05234375 0.8171875 0.10390625 0.05390625
2 0.26953125 0.9171875 0.16015625 0.071875
2 0.11640625 0.96015625 0.13125 0.07578125