1 0.9078125 0.56796875 0.1796875 0.06015625
1 0.8390625 0.6203125 0.1421875 0.05390625
2 0.9734375 0.62109375 0.03671875 0.0265625
2 0.9703125 0.65078125 0.05546875 0.0359375
2 0.69140625 0.65390625 0.03828125 0.02734375
2 0.73125 0.678125 0.0375 0.03359375
2 0.45546875 0.68671875 0.03203125 0.02421875
2 0.3703125 0.70546875 0.02109375 0.02734375
2 0.478125 0.771875 0.05859375 0.034375
2 0.15078125 0.79453125 0.04609375 0.03203125
1 0.84375 0.80234375 0.1953125 0.07890625
2 0.0296875 0.82109375 0.059375 0.07109375
2 0.28984375 0.82265625 0.0453125 0.0390625
2 0.175 0.846875 0.0421875 0.0453125
2 0.82890625 0.86171875 0.046875 0.02578125
2 0.4546875 0.86171875 0.05 0.03359375
1 0.64921875 0.884375 0.11171875 0.0390625
2 0.78515625 0.91484375 0.05859375 0.03125
2 0.38359375 0.91640625 0.0421875 0.04609375
2 0.13125 0.93515625 0.04296875 0.0625
2 0.5875 0.94609375 0.05859375 0.046875
2 0.815625 0.9484375 0.059375 0.03671875