2 0.25859375 0.540625 0.10859375 0.05859375
1 0.92421875 0.55234375 0.13671875 0.059375
2 0.45390625 0.5859375 0.0609375 0.05
2 0.3484375 0.58671875 0.06015625 0.0375
2 0.6421875 0.609375 0.07109375 0.04765625
2 0.6578125 0.64609375 0.05546875 0.03984375
2 0.97578125 0.65 0.04453125 0.0375
2 0.19140625 0.66328125 0.1171875 0.12109375
2 0.578125 0.7109375 0.0640625 0.0359375
2 0.53984375 0.7640625 0.1015625 0.0625
2 0.03671875 0.76875 0.0734375 0.053125
2 0.25078125 0.8 0.065625 0.03671875
2 0.5703125 0.8671875 0.11015625 0.071875