2 0.10625 0.35 0.053125 0.05546875
1 0.3578125 0.49375 0.11796875 0.03359375
1 0.5140625 0.51953125 0.140625 0.04921875
1 0.68515625 0.53828125 0.10234375 0.03828125
2 0.2453125 0.57734375 0.071875 0.04765625
2 0.08046875 0.578125 0.07109375 0.08203125
1 0.5859375 0.5796875 0.17421875 0.0546875
2 0.71015625 0.58046875 0.0296875 0.0421875
2 0.7703125 0.65703125 0.090625 0.03984375
2 0.02734375 0.671875 0.0546875 0.05703125
1 0.3171875 0.71953125 0.153125 0.0765625
2 0.69609375 0.72265625 0.0609375 0.04609375
2 0.01796875 0.83046875 0.0359375 0.0609375
2 0.16640625 0.915625 0.05859375 0.04453125
2 0.06328125 0.92109375 0.07578125 0.06328125