2 0.846875 0.24140625 0.03125 0.0296875
2 0.50234375 0.265625 0.1796875 0.0984375
2 0.64921875 0.275 0.078125 0.065625
2 0.06875 0.2890625 0.0546875 0.034375
2 0.38046875 0.309375 0.0703125 0.040625
2 0.57421875 0.34453125 0.02890625 0.02109375
2 0.340625 0.34765625 0.08046875 0.03828125
2 0.534375 0.37265625 0.028125 0.0265625
2 0.2015625 0.37578125 0.0390625 0.03203125
2 0.6046875 0.4015625 0.0328125 0.03203125
2 0.49140625 0.40390625 0.02890625 0.02421875
2 0.33203125 0.41328125 0.053125 0.05
2 0.5578125 0.41640625 0.0265625 0.0359375
2 0.50625 0.428125 0.03046875 0.028125
2 0.78046875 0.48671875 0.0796875 0.059375
2 0.69296875 0.55078125 0.0421875 0.04609375
2 0.43359375 0.5546875 0.16796875 0.0640625
2 0.85390625 0.584375 0.08125 0.03671875
2 0.3625 0.60234375 0.0953125 0.053125
2 0.484375 0.64609375 0.17578125 0.1109375
2 0.87421875 0.64765625 0.07578125 0.034375
2 0.190625 0.6796875 0.0375 0.0421875
2 0.0828125 0.6984375 0.05546875 0.05
2 0.815625 0.82265625 0.0828125 0.07109375