2 0.76953125 0.25390625 0.03515625 0.034375
2 0.8296875 0.265625 0.0484375 0.0296875
2 0.42578125 0.27265625 0.20703125 0.10546875
2 0.56328125 0.284375 0.07890625 0.08046875
2 0.778125 0.303125 0.0453125 0.0375
2 0.284375 0.30625 0.08125 0.04765625
2 0.62890625 0.30625 0.02890625 0.0359375
2 0.86015625 0.31875 0.05078125 0.0359375
2 0.49453125 0.346875 0.05234375 0.0265625
2 0.23984375 0.3515625 0.08828125 0.05234375
2 0.64921875 0.3578125 0.040625 0.03515625
2 0.103125 0.37265625 0.0375 0.0328125
2 0.5 0.3984375 0.0453125 0.04453125
2 0.39453125 0.40390625 0.03984375 0.0390625
2 0.7609375 0.40703125 0.05859375 0.0328125
2 0.23359375 0.41328125 0.09765625 0.04453125
2 0.40703125 0.440625 0.03828125 0.03359375
2 0.2390625 0.4671875 0.0546875 0.0359375
2 0.26953125 0.49609375 0.071875 0.0484375
2 0.65625 0.509375 0.06953125 0.06171875
2 0.3109375 0.56171875 0.1203125 0.0609375
2 0.5578125 0.56875 0.04375 0.040625
2 0.978125 0.58671875 0.03984375 0.0578125
2 0.7125 0.60859375 0.04453125 0.0359375
2 0.2171875 0.6125 0.06484375 0.0609375
2 0.728125 0.665625 0.06953125 0.05625
2 0.3109375 0.671875 0.17578125 0.1203125
2 0.33671875 0.82421875 0.04765625 0.0484375
2 0.63046875 0.8578125 0.0671875 0.07734375
2 0.1671875 0.128125 0.0859375 0.04375
2 0.378125 0.1296875 0.08828125 0.0484375
2 0.275 0.13359375 0.0453125 0.0359375
2 0.02890625 0.14140625 0.05703125 0.03046875
2 0.54140625 0.1421875 0.06015625 0.04375
2 0.07578125 0.14609375 0.05625 0.03203125
2 0.140625 0.1484375 0.0796875 0.03125
2 0.425 0.17421875 0.03515625 0.02578125
2 0.66484375 0.17421875 0.1328125 0.05625
2 0.16953125 0.178125 0.08359375 0.0484375
2 0.47890625 0.1828125 0.06328125 0.05078125
2 0.265625 0.1890625 0.05859375 0.040625
2 0.3953125 0.1890625 0.03984375 0.04296875