2 0.5390625 0.23359375 0.09375 0.05078125
2 0.51328125 0.2765625 0.0796875 0.04609375
1 0.2109375 0.31953125 0.13671875 0.0703125
2 0.4515625 0.3640625 0.1296875 0.09296875
2 0.8859375 0.46484375 0.13203125 0.0734375
2 0.034375 0.47421875 0.06875 0.06015625
2 0.5265625 0.4796875 0.1015625 0.0765625
2 0.58984375 0.05234375 0.03359375 0.04453125
2 0.421875 0.53203125 0.05 0.0484375
2 0.48359375 0.05390625 0.07578125 0.03828125
2 0.6796875 0.05625 0.08125 0.05234375
2 0.9296875 0.05703125 0.06484375 0.03828125
2 0.9109375 0.56640625 0.04609375 0.03515625
2 0.7703125 0.059375 0.08359375 0.05546875
2 0.49921875 0.590625 0.1921875 0.1078125
2 0.86640625 0.06328125 0.0609375 0.0484375
2 0.91953125 0.63828125 0.06796875 0.046875
2 0.3953125 0.06953125 0.17734375 0.034375
2 0.08984375 0.78984375 0.1671875 0.0921875
2 0.75625 0.815625 0.08125 0.0640625
2 0.953125 0.09296875 0.0890625 0.053125
2 0.45546875 0.09921875 0.0734375 0.03671875
2 0.56328125 0.09921875 0.0671875 0.0609375
2 0.76171875 0.10703125 0.059375 0.04765625
2 0.69375 0.1109375 0.0359375 0.03515625
2 0.21640625 0.140625 0.1296875 0.05546875
2 0.14453125 0.18984375 0.05078125 0.03046875
2 0.69296875 0.2 0.196875 0.11953125
2 0.85703125 0.20390625 0.13671875 0.08359375
2 0.26953125 0.2046875 0.05078125 0.03828125