2 0.30859375 0.4296875 0.06171875 0.03125
2 0.10859375 0.4453125 0.1265625 0.0625
2 0.2515625 0.46484375 0.0765625 0.0296875
2 0.28125 0.4921875 0.053125 0.01796875
2 0.2328125 0.51328125 0.07578125 0.034375
2 0.08828125 0.52109375 0.04609375 0.02890625
2 0.47578125 0.5828125 0.47578125 0.33671875
2 0.77734375 0.66015625 0.034375 0.028125
2 0.14375 0.66484375 0.05390625 0.0375
2 0.25078125 0.76171875 0.13828125 0.07265625
2 0.0921875 0.77265625 0.1421875 0.1515625
2 0.82890625 0.83203125 0.1703125 0.06796875
2 0.67265625 0.8359375 0.05625 0.03359375
2 0.403125 0.84375 0.14765625 0.075
2 0.51640625 0.89375 0.1046875 0.05546875