2 0.43203125 0.2625 0.04375 0.03515625
2 0.3921875 0.03203125 0.178125 0.06328125
2 0.8109375 0.31484375 0.15859375 0.10703125
2 0.46328125 0.33046875 0.2765625 0.12734375
2 0.96015625 0.34375 0.07421875 0.04921875
2 0.50625 0.46015625 0.1890625 0.11640625
2 0.82265625 0.4671875 0.03515625 0.0359375
2 0.353125 0.05078125 0.0375 0.0234375
2 0.93828125 0.490625 0.07109375 0.06328125
2 0.32890625 0.4921875 0.2078125 0.17265625
2 0.75078125 0.4953125 0.0578125 0.05078125
2 0.709375 0.4984375 0.0546875 0.04765625
2 0.68203125 0.52109375 0.03984375 0.05078125
2 0.23671875 0.05703125 0.0671875 0.0578125
2 0.68203125 0.56328125 0.04609375 0.0578125
2 0.86953125 0.58984375 0.09375 0.05546875
2 0.42734375 0.621875 0.075 0.075
2 0.82421875 0.6328125 0.0625 0.05
2 0.32578125 0.6875 0.06640625 0.06328125
2 0.39296875 0.078125 0.04609375 0.0265625