1 0.7765625 0.23359375 0.2109375 0.078125
2 0.4578125 0.378125 0.15390625 0.09609375
2 0.13828125 0.40078125 0.2765625 0.1484375
2 0.28515625 0.04921875 0.0578125 0.040625
2 0.06328125 0.50703125 0.1265625 0.0703125
2 0.16875 0.53125 0.1671875 0.115625
2 0.51953125 0.6078125 0.07734375 0.05078125
2 0.4734375 0.6515625 0.0625 0.05078125
2 0.08828125 0.68984375 0.0703125 0.0703125
2 0.08984375 0.0953125 0.1796875 0.0890625
1 0.66953125 0.1046875 0.24140625 0.0421875
2 0.01640625 0.146875 0.0328125 0.0140625
2 0.0625 0.16953125 0.03828125 0.03515625