2 0.42734375 0.40234375 0.0703125 0.03828125
1 0.9359375 0.4265625 0.125 0.0671875
2 0.228125 0.43984375 0.21015625 0.0796875
1 0.78046875 0.46171875 0.25703125 0.0515625
2 0.175 0.48828125 0.05 0.0375
2 0.0828125 0.496875 0.05625 0.05234375
2 0.2296875 0.50859375 0.05703125 0.0328125
1 0.1546875 0.58203125 0.22890625 0.0859375
1 0.84921875 0.5828125 0.21640625 0.103125
2 0.37890625 0.68203125 0.0625 0.034375
2 0.53515625 0.7015625 0.1359375 0.08046875
2 0.25703125 0.7296875 0.2234375 0.11171875
2 0.2109375 0.85390625 0.3421875 0.165625
2 0.565625 0.9140625 0.09375 0.06171875
2 0.52265625 0.95078125 0.06328125 0.0390625
2 0.20625 0.95859375 0.07265625 0.0546875