2 0.6203125 0.24609375 0.07890625 0.04453125
2 0.89296875 0.2953125 0.09609375 0.0765625
2 0.390625 0.58515625 0.78046875 0.46640625
2 0.95859375 0.696875 0.04453125 0.03984375
2 0.8140625 0.74453125 0.03671875 0.04375
2 0.9078125 0.82890625 0.16484375 0.09375
2 0.78828125 0.8328125 0.05546875 0.0453125
2 0.86484375 0.865625 0.04375 0.0390625
2 0.05390625 0.86953125 0.1078125 0.103125
2 0.32421875 0.8859375 0.04296875 0.0375
2 0.28046875 0.91875 0.0625 0.03203125
2 0.08828125 0.953125 0.0953125 0.0546875