2 0.19296875 0.42421875 0.04140625 0.0328125
2 0.4296875 0.4484375 0.10859375 0.0421875
1 0.57578125 0.471875 0.27109375 0.06796875
1 0.865625 0.59765625 0.265625 0.0984375
2 0.4171875 0.72421875 0.06953125 0.059375
2 0.08203125 0.8140625 0.1640625 0.3359375
2 0.35390625 0.81640625 0.0484375 0.03125
2 0.79296875 0.82890625 0.06953125 0.0390625
2 0.44296875 0.86328125 0.06328125 0.0390625
2 0.209375 0.86875 0.04453125 0.02578125
2 0.36640625 0.88828125 0.05078125 0.0390625
2 0.58984375 0.91484375 0.04765625 0.03125
2 0.24921875 0.9359375 0.19453125 0.0859375