2 0.8859375 0.46640625 0.05234375 0.03984375
1 0.73125 0.4765625 0.05859375 0.0359375
1 0.66015625 0.47734375 0.06484375 0.02578125
1 0.909375 0.5453125 0.1421875 0.0578125
1 0.059375 0.55078125 0.11875 0.0828125
1 0.87421875 0.609375 0.2484375 0.109375
1 0.0265625 0.64296875 0.053125 0.0703125
2 0.290625 0.66953125 0.0296875 0.0265625
2 0.36640625 0.67421875 0.0296875 0.02421875
2 0.265625 0.70390625 0.05546875 0.04453125
2 0.36484375 0.75625 0.06015625 0.03984375
1 0.40546875 0.7953125 0.2625 0.10703125