1 0.0578125 0.48671875 0.115625 0.04140625
1 0.92265625 0.5171875 0.07265625 0.02421875
1 0.04765625 0.52109375 0.09453125 0.028125
1 0.9140625 0.54140625 0.16640625 0.0421875
1 0.69765625 0.55546875 0.140625 0.0625
2 0.09375 0.584375 0.0625 0.0421875
2 0.278125 0.63046875 0.06875 0.04609375
1 0.90546875 0.640625 0.165625 0.059375
2 0.90859375 0.74765625 0.10859375 0.096875
2 0.8125 0.75078125 0.07578125 0.075
2 0.65703125 0.75859375 0.0984375 0.05390625
2 0.78125 0.84375 0.0875 0.0484375
2 0.5046875 0.8625 0.0703125 0.04453125