2 0.6078125 0.34765625 0.04609375 0.04453125
2 0.95703125 0.38515625 0.0828125 0.1265625
2 0.3796875 0.396875 0.03046875 0.05390625
2 0.43359375 0.39921875 0.0421875 0.03359375
2 0.11875 0.403125 0.12265625 0.05078125
1 0.709375 0.4671875 0.346875 0.08125
2 0.78515625 0.54375 0.0859375 0.08046875
1 0.92578125 0.546875 0.14453125 0.0625
2 0.0671875 0.55078125 0.096875 0.05390625
1 0.42890625 0.55390625 0.25 0.0765625
2 0.27109375 0.5734375 0.0765625 0.0828125
2 0.75390625 0.6203125 0.0640625 0.04375
2 0.84765625 0.625 0.08125 0.05
1 0.3046875 0.675 0.5140625 0.125
2 0.82109375 0.67734375 0.053125 0.03984375
2 0.22890625 0.6875 0.096875 0.0609375
2 0.0625 0.696875 0.09609375 0.0515625
2 0.6140625 0.78125 0.2015625 0.078125
2 0.45625 0.8 0.078125 0.06328125
2 0.4109375 0.9140625 0.07734375 0.0703125