2 0.41484375 0.40546875 0.0515625 0.04921875
2 0.74765625 0.41015625 0.0921875 0.046875
2 0.2296875 0.44765625 0.053125 0.0421875
2 0.17265625 0.4546875 0.053125 0.05546875
2 0.8921875 0.47109375 0.159375 0.0765625
2 0.49375 0.48046875 0.05703125 0.0421875
2 0.8015625 0.52109375 0.06953125 0.04765625
1 0.56484375 0.52734375 0.2640625 0.0640625
1 0.696875 0.58515625 0.15625 0.05859375
2 0.553125 0.60078125 0.1109375 0.05
2 0.071875 0.64609375 0.14296875 0.06640625
1 0.15703125 0.7296875 0.31328125 0.1
2 0.721875 0.7375 0.18125 0.0875
2 0.91875 0.83359375 0.1546875 0.11171875
2 0.38203125 0.8453125 0.096875 0.071875