2 0.3484375 0.48984375 0.04140625 0.04921875
2 0.228125 0.5484375 0.034375 0.0453125
1 0.91171875 0.55859375 0.17265625 0.0578125
2 0.2546875 0.6234375 0.08359375 0.0734375
2 0.5359375 0.62734375 0.13203125 0.06875
2 0.6453125 0.62890625 0.07265625 0.04921875
2 0.96328125 0.6484375 0.05 0.0390625
2 0.96796875 0.69375 0.059375 0.0328125
2 0.1359375 0.70234375 0.25390625 0.18359375
2 0.66171875 0.7125 0.10625 0.0984375
2 0.76875 0.72578125 0.0734375 0.04921875
2 0.9703125 0.73046875 0.05625 0.0546875
2 0.88125 0.73828125 0.04296875 0.040625
2 0.83671875 0.74140625 0.05625 0.06015625
1 0.42265625 0.7546875 0.2578125 0.09453125
2 0.596875 0.8390625 0.1046875 0.08125
2 0.50625 0.840625 0.0578125 0.05234375
2 0.1390625 0.89375 0.278125 0.209375
2 0.396875 0.97109375 0.06875 0.0546875