1 0.9546875 0.46171875 0.0875 0.0390625
1 0.83046875 0.496875 0.153125 0.0390625
2 0.03203125 0.51796875 0.03828125 0.0375
1 0.95625 0.54296875 0.0640625 0.03359375
1 0.64140625 0.5625 0.07578125 0.04296875
1 0.56015625 0.575 0.08046875 0.034375
1 0.8578125 0.6 0.17890625 0.0484375
2 0.6453125 0.6390625 0.03984375 0.04140625
2 0.240625 0.64765625 0.13671875 0.06640625
2 0.3546875 0.65078125 0.06875 0.04765625
2 0.6515625 0.684375 0.040625 0.03125
1 0.75078125 0.68828125 0.384375 0.10234375
2 0.93515625 0.68828125 0.03828125 0.034375
1 0.4296875 0.70546875 0.134375 0.05703125
2 0.66015625 0.72109375 0.0546875 0.0390625
2 0.36953125 0.72734375 0.090625 0.084375
2 0.87734375 0.740625 0.04765625 0.0359375
2 0.53984375 0.74453125 0.08828125 0.05390625
2 0.86640625 0.78984375 0.06640625 0.03984375
1 0.1421875 0.79453125 0.24140625 0.08046875
1 0.39140625 0.80703125 0.146875 0.06171875
2 0.659375 0.83828125 0.07265625 0.1
2 0.28671875 0.8578125 0.08359375 0.0703125
2 0.8640625 0.94921875 0.26640625 0.09765625